0.46068  -0.00103535  0.464085  -0.00146664
1.10838  -0.000534166  1.10657  0.00386428
9.08837  -0.00484417  9.08921  -0.00340631
15.2098  -0.0260088  15.2116  -0.00441141
15.4892  -0.0231155  15.4857  -0.00340928
21.6105  -0.10132  21.6111  0.00082699
21.8899  -0.108487  21.8883  -0.00206599
28.0113  -0.227985  28.0075  -0.00424462
28.6117  -0.245979  28.6133  0.00441968
30.9025  -0.299184  30.9033  -0.00497245
34.7544  -0.394986  34.7509  0.00287877
37.2792  -0.458435  37.2795  -0.00193215
90.4732  -1.75041  90.4539  -0.00287561
92.998  -1.80904  92.9749  -0.0034814
96.8499  -1.90832  96.8265  0.0014361
99.1407  -1.95995  99.1188  0.000316283
100.72  -2.00134  100.698  -0.00172819
106.841  -2.17037  106.814  0.0044389
107.121  -2.18883  107.095  -0.00227229
113.242  -2.41223  113.213  -0.00295036
113.521  -2.41503  113.487  -0.00239157
119.643  -2.694  119.61  -1.80194e-05
119.922  -2.70353  119.883  0.00364924
126.044  -3.02672  125.998  0.00459636
126.644  -3.05983  126.597  -0.00271361
127.292  -3.10082  127.242  0.00169766
129.432  -3.21873  129.382  0.00324465
135.553  -3.59447  135.494  0.00344008
135.833  -3.61471  135.775  -0.000751132
141.954  -4.03335  141.873  0.00413508
142.234  -4.05013  142.158  -0.00101077
148.355  -4.52368  148.261  -0.000949912
148.634  -4.55197  148.537  -0.00277537
154.756  -5.06562  154.637  -0.00498586
154.895  -5.07821  154.771  0.00314892
156.574  -5.23411  156.446  0.00465733
158.715  -5.41805  158.583  -7.89085e-05
164.836  -5.99583  164.675  -0.00210971
165.115  -6.022  164.95  -0.00326012
171.237  -6.64528  171.038  -0.00258825
171.516  -6.67057  171.322  -0.00278154
177.638  -7.33919  177.4  -0.00106937
177.917  -7.37112  177.68  -0.00280489
184.038  -8.08563  183.76  -0.00307306
184.639  -8.1656  184.359  -0.00446435
186.318  -8.36382  186.019  -0.000559034
188.458  -8.62986  188.153  0.00409648
194.579  -9.39509  194.225  0.00195567
194.859  -9.42671  194.498  -0.00101433
200.98  -10.2445  200.567  0.00338734
201.26  -10.2845  200.843  0.00178154
207.381  -11.1528  206.899  0.00435388
207.66  -11.1927  207.173  -0.00126962
213.782  -12.109  213.227  -0.00122694
214.382  -12.2009  213.819  0.00341381
216.061  -12.4645  215.485  -0.00244014
218.201  -12.7851  217.596  -0.0018047
224.323  -13.757  223.644  -0.00248685
224.602  -13.8019  223.915  0.00443221
230.723  -14.8169  229.952  0.000487072
231.003  -14.8624  230.234  -0.00203297
237.124  -15.9218  236.262  0.00376308
237.404  -15.9717  236.529  0.00398547
243.525  -17.0876  242.554  0.0034189
244.125  -17.1932  243.142  0.00257048
245.804  -17.5121  244.796  0.000593293
247.945  -17.9019  246.894  0.0019177
254.066  -19.0677  252.91  0.00458708
254.345  -19.1241  253.185  -0.00444975
260.467  -20.3286  259.176  -0.00123527
260.746  -20.3858  259.452  0.00060538
266.868  -21.6431  265.448  -0.00053465
267.147  -21.7074  265.718  -0.00215102
273.268  -23.0115  271.696  -0.00482421
273.869  -23.1367  272.286  -0.00395219
275.548  -23.5027  273.92  -0.00276112
290.07  -26.6582  288.101  0.00321357
296.192  -28.0147  294.066  -0.00243504
296.471  -28.0825  294.339  0.000273185
302.593  -29.4868  300.298  0.00370895
303.612  -29.7268  301.288  -0.00105753
305.291  -30.1133  302.921  0.00322577
307.431  -30.6134  305  -0.00237599
313.553  -32.0609  310.956  -0.00167907
313.832  -32.1284  311.219  -0.00126836
319.953  -33.6301  317.156  0.00400628
320.233  -33.703  317.428  0.00470462
326.354  -35.252  323.349  -0.00320909
326.634  -35.3251  323.618  -0.000456322
332.755  -36.9231  329.531  -0.00437851
333.355  -37.077  330.106  -0.00231782
335.034  -37.5219  331.723  0.00464827
337.175  -38.0861  333.794  -0.00348026
343.296  -39.7306  339.69  0.00342566
343.575  -39.8076  339.961  -0.000206119
349.697  -41.5006  345.835  0.00107612
349.976  -41.5837  346.108  -0.000973531
356.098  -43.3149  351.975  -0.00189163
356.377  -43.3959  352.246  -0.00401373
362.498  -45.1884  358.098  0.00485167
363.099  -45.3631  358.675  -0.000628803
364.778  -45.8582  360.272  -0.00364865
366.918  -46.494  362.325  0.00384899
373.039  -48.3303  368.159  0.00356863
373.319  -48.4162  368.423  0.00076676
379.44  -50.2934  374.248  0.00308677
379.72  -50.3807  374.516  -0.000248842
385.841  -52.3141  380.325  -0.00476352
386.12  -52.4014  380.593  -0.00263977
392.242  -54.3762  386.387  0.0026275
392.842  -54.5781  386.951  0.00428251
394.521  -55.1202  388.537  0.00483661
396.661  -55.8229  390.557  0.000983264
402.783  -57.8504  396.341  -0.00369321
403.062  -57.9403  396.599  0.00077797
409.183  -60.0122  402.366  0.00248369
409.463  -60.1053  402.623  0.0035022
415.584  -62.2223  408.372  -0.00069754
415.864  -62.3212  408.635  -0.00251127
421.985  -64.4844  414.356  -2.94686e-05
422.585  -64.6936  414.919  0.001855
424.264  -65.2926  416.483  0.000678054
426.405  -66.0665  418.482  -0.00342235
432.526  -68.2713  424.191  -0.00288713
432.805  -68.378  424.451  0.00401522
438.927  -70.6271  430.142  -0.000779922
439.206  -70.729  430.407  -0.00112528
445.328  -73.0394  436.073  0.00237383
445.607  -73.142  436.336  -0.00298169
451.728  -75.491  441.988  -0.00402536
452.329  -75.7255  442.536  0.000638841
454.008  -76.3697  444.084  -0.00437979
456.148  -77.2051  446.06  0.0039664
462.269  -79.6004  451.7  -0.000705453
462.549  -79.7113  451.955  -0.000563297
468.67  -82.1476  457.568  -0.00310179
468.95  -82.263  457.819  0.00157928
475.071  -84.7481  463.414  0.00322514
475.35  -84.8638  463.675  -0.00123647
481.472  -87.3887  469.242  -0.000862908
482.072  -87.6381  469.793  -0.00328672
483.751  -88.3439  471.313  -0.00207242
485.891  -89.2294  473.259  0.00188424
492.013  -91.8053  478.818  -0.00451386
492.292  -91.9315  479.067  0.00249826
498.413  -94.5515  484.599  -0.00397484
498.693  -94.666  484.853  0.0023491
504.814  -97.3337  490.358  0.00232324
505.094  -97.4566  490.614  -0.002135
511.215  -100.163  496.101  -5.70487e-05
511.815  -100.433  496.637  0.00311368
513.494  -101.181  498.137  -0.00392901
515.635  -102.142  500.062  -0.00138877
521.756  -104.891  505.527  -0.00210587
522.035  -105.016  505.768  -0.00436215
528.157  -107.816  511.218  -0.00198444
528.436  -107.947  511.469  0.00149014
534.558  -110.788  516.886  0.00476677
534.837  -110.926  517.132  0.000818789
540.958  -113.807  522.527  0.00401052
541.559  -114.099  523.063  0.00264864
543.238  -114.893  524.536  -0.00487912
545.378  -115.911  526.418  0.00228552
551.499  -118.84  531.795  0.000897656
551.779  -118.978  532.034  -0.00201267
557.9  -121.949  537.392  -0.000626908
558.18  -122.082  537.629  0.000199977
564.301  -125.103  542.955  0.00479256
564.58  -125.243  543.197  0.00039533
570.702  -128.306  548.499  -0.00169812
571.302  -128.609  549.022  -0.00288277
572.981  -129.447  550.472  -0.00286324
575.121  -130.529  552.324  -0.000588159
581.243  -133.636  557.601  0.00174266
581.522  -133.778  557.839  0.00209523
587.643  -136.924  563.09  -0.00284809
587.923  -137.068  563.328  0.00460615
594.044  -140.25  568.555  0.00297347
594.324  -140.396  568.792  0.00164521
600.445  -143.636  573.991  -0.00344605
601.045  -143.953  574.497  -0.000884347
602.724  -144.843  575.923  0.00324898
604.865  -145.98  577.735  -0.00359559
610.986  -149.25  582.908  -0.0029245
611.265  -149.409  583.141  0.00344976
617.387  -152.721  588.286  0.000374271
617.666  -152.876  588.525  -0.00318556
623.788  -156.224  593.643  -0.000549862
624.067  -156.38  593.873  -0.00168926
630.188  -159.784  598.967  -0.000510888
630.789  -160.118  599.464  0.00441504
632.468  -161.058  600.858  -0.00455197
634.608  -162.249  602.632  -0.00490096
640.729  -165.684  607.693  0.00344593
641.009  -165.846  607.92  0.003523
647.13  -169.327  612.958  0.00170445
647.41  -169.484  613.185  0.0026044
653.531  -173.007  618.201  -0.00138224
653.81  -173.173  618.423  0.00056151
659.932  -176.728  623.408  -0.00469633
660.532  -177.084  623.893  0.00161961
662.211  -178.062  625.255  0.000690456
664.351  -179.317  626.988  0.000731143
670.473  -182.922  631.939  -0.000806692
670.752  -183.082  632.157  -0.00331728
676.873  -186.727  637.087  0.00422168
677.153  -186.899  637.309  -0.00173903
683.274  -190.573  642.192  -0.00120088
683.554  -190.749  642.418  -0.00347113
689.675  -194.469  647.279  0.00144941
690.275  -194.838  647.755  0.00242842
691.954  -195.856  649.087  -0.00405238
694.095  -197.164  650.776  -0.00486748
700.216  -200.926  655.607  -0.00381247
700.495  -201.106  655.827  -0.0042321
706.617  -204.899  660.622  -0.000888099
706.896  -205.081  660.847  0.00130572
713.018  -208.918  665.613  0.000555193
713.297  -209.087  665.829  -0.00162943
719.418  -212.972  670.562  -0.000227851
720.019  -213.354  671.031  0.00189416
721.698  -214.424  672.322  -0.00213034
723.838  -215.779  673.979  -0.0035241
729.959  -219.699  678.679  -0.00150744
730.239  -219.873  678.893  -0.00327261
736.36  -223.83  683.571  -0.00187331
736.64  -224.012  683.777  -0.000671845
742.761  -228.001  688.421  0.0042952
743.04  -228.182  688.631  2.71111e-05
749.162  -232.214  693.239  0.0011555
749.762  -232.61  693.688  0.00376882
751.441  -233.725  694.949  0.00066283
753.581  -235.141  696.553  -0.00480732
759.703  -239.205  701.132  0.00154157
759.982  -239.393  701.339  -0.00439372
766.103  -243.497  705.879  -0.00240142
766.383  -243.679  706.091  -0.00265306
772.504  -247.82  710.598  0.00275468
772.784  -248.01  710.802  0.00338478
778.905  -252.193  715.28  0.00365183
779.505  -252.597  715.718  0.000161557
781.184  -253.753  716.941  0.00131462
783.325  -255.212  718.501  -0.00219996
789.446  -259.431  722.937  0.00469674
789.725  -259.623  723.142  0.00205702
795.847  -263.873  727.545  -0.00479617
796.126  -264.07  727.747  -0.00369433
802.248  -268.356  732.119  -0.0019995
802.527  -268.544  732.318  -0.0015005
808.648  -272.864  736.653  0.000746239
809.249  -273.291  737.074  0.00114279
810.928  -274.48  738.266  0.00419066
813.068  -275.995  739.77  -0.00424987
819.189  -280.353  744.077  0.00468303
819.469  -280.553  744.27  0.00242052
825.59  -284.938  748.533  -0.00496031
825.87  -285.143  748.736  0.000860544
831.991  -289.565  752.958  0.000777718
832.27  -289.768  753.154  -0.000615653
838.392  -294.226  757.347  -0.00158357
838.992  -294.668  757.758  -0.000905391
840.671  -295.897  758.9  0.0047802
842.811  -297.456  760.369  -0.000364379
848.933  -301.95  764.52  0.000660434
849.212  -302.153  764.716  0.00427616
855.333  -306.679  768.832  -0.00350065
855.613  -306.893  769.016  0.000904058
861.734  -311.447  773.107  0.00133969
862.014  -311.656  773.291  -0.00185342
868.135  -316.251  777.338  0.000818849
868.735  -316.703  777.737  0.00471498
870.414  -317.968  778.835  0.00164506
872.555  -319.577  780.253  -0.000162122
878.676  -324.205  784.262  0.000205022
878.955  -324.419  784.442  -0.00128158
885.077  -329.072  788.414  -0.000683305
885.356  -329.283  788.595  -0.00345565
891.478  -333.972  792.524  0.00328036
891.757  -334.192  792.705  0.000934078
897.878  -338.911  796.603  0.00421588
898.479  -339.373  796.988  -0.00323027
900.158  -340.678  798.049  -0.00222859
902.298  -342.328  799.403  -0.00281421
908.419  -347.087  803.257  -0.00335097
908.699  -347.302  803.441  0.000842994
914.82  -352.082  807.259  0.00120533
915.1  -352.302  807.434  0.00361573
921.221  -357.113  811.214  -0.00201648
921.5  -357.337  811.386  0.00228229
927.622  -362.187  815.121  0.000462447
928.222  -362.659  815.491  0.00154062
929.901  -363.996  816.51  0.000603393
932.041  -365.694  817.807  0.0029365
938.163  -370.571  821.513  -0.00275007
938.442  -370.79  821.676  -0.00220893
944.563  -375.694  825.343  0.00293987
944.843  -375.916  825.504  0.00438332
950.964  -380.856  829.133  0.0030192
951.244  -381.079  829.291  0.00190743
957.365  -386.043  832.881  -0.00075066
957.965  -386.529  833.228  0.00489192
959.644  -387.893  834.202  -0.00469871
961.785  -389.634  835.45  0.00258975
967.906  -394.634  838.991  0.00254092
968.185  -394.863  839.15  0.00229068
974.307  -399.884  842.646  0.00109284
974.586  -400.112  842.806  0.00114943
980.708  -405.165  846.267  8.72015e-05
980.987  -405.389  846.427  -0.00241557
987.108  -410.473  849.846  -0.000777589
987.709  -410.973  850.176  0.00451244
989.388  -412.368  851.109  0.00226285
991.528  -414.146  852.302  -0.00374858
997.649  -419.256  855.679  -0.00328703
997.929  -419.485  855.834  -0.00420011
1004.05  -424.621  859.167  -0.00200519
1004.33  -424.852  859.315  -0.00472601
1010.45  -430.014  862.613  -0.00259991
1010.73  -430.252  862.76  -0.00352513
1016.85  -435.436  866.015  0.000289874
1017.45  -435.94  866.329  -0.00458336
1019.13  -437.374  867.22  -0.000444124
1021.27  -439.186  868.344  0.00140369
1027.39  -444.399  871.559  -0.00248403
1027.67  -444.636  871.702  0.00370398
1033.79  -449.878  874.868  0.00231087
1034.07  -450.115  875.011  0.00143675
1040.19  -455.378  878.136  -0.00479452
1040.47  -455.617  878.278  -0.00104505
1046.6  -460.911  881.366  0.00428713
1047.2  -461.426  881.661  -0.00213519
1047.36  -461.57  881.75  -0.00305475
1048.76  -462.792  882.451  -0.000571042
1056.51  -469.494  886.318  -0.00270176
1062.63  -474.801  889.36  -0.00146011
1062.91  -475.053  889.499  0.00470885
1069.03  -480.391  892.488  0.00180794
1069.31  -480.636  892.622  0.000200054
1075.43  -485.996  895.578  -0.00315008
1089.1  -497.996  902.122  3.2653e-05
1092.45  -500.934  903.724  0.00289324
1093.33  -501.708  904.143  0.00417027
1099.22  -506.877  906.973  -0.00402106
1100.1  -507.648  907.387  -0.000533605
1103.45  -510.59  908.989  0.00239954
1118.69  -523.975  916.289  -0.00124344
1122.05  -526.92  917.9  0.00194141
1122.92  -527.689  918.319  -0.0045614
1128.82  -532.865  921.142  -0.00271609
1129.69  -533.639  921.554  -0.00491919
1133.05  -536.573  923.167  -0.00168557
1147.75  -549.489  930.199  -0.00276651
1153.87  -554.869  933.107  -0.00479355
1154.15  -555.12  933.242  -0.00254112
1160.27  -560.528  936.113  0.0030627
1160.55  -560.779  936.243  0.00431357
1166.67  -566.21  939.06  -0.000628687
1166.95  -566.458  939.191  0.000447728
1173.07  -571.915  941.966  -0.00338849
1173.38  -572.189  942.1  0.00434453
1174.78  -573.44  942.731  -0.00361951
1176.63  -575.09  943.568  0.00474074
1182.75  -580.565  946.295  -0.00028318
1183.03  -580.817  946.42  0.00255857
1189.15  -586.311  949.111  -0.00257288
1189.43  -586.563  949.225  0.00139087
1195.55  -592.089  951.872  -0.0023507
1195.83  -592.345  951.993  0.00456986
1201.95  -597.88  954.589  -0.00441602
1202.09  -598.007  954.651  0.000263519
1203.77  -599.529  955.355  0.00278388
1205.91  -601.472  956.256  -0.00355839
1212.03  -607.041  958.814  0.00487438
1212.31  -607.29  958.924  0.000337909
1218.43  -612.878  961.434  0.00349438
1218.71  -613.128  961.544  -0.00082426
1224.83  -618.737  964.01  0.00185779
1225.11  -618.988  964.122  -0.00186204
1231.23  -624.619  966.536  0.00201581
1231.83  -625.172  966.774  -0.00169789
1233.51  -626.718  967.427  -0.00342401
1235.65  -628.68  968.264  -0.00294992
1241.77  -634.324  970.641  0.00496847
1242.05  -634.583  970.748  -0.00320064
1248.18  -640.246  973.072  -0.0043127
1248.46  -640.51  973.177  -0.00283594
1254.58  -646.191  975.454  -0.00405315
1254.86  -646.443  975.553  0.00306916
1260.98  -652.142  977.793  -0.00239244
1261.58  -652.705  978.005  -0.000639319
1263.26  -654.277  978.612  0.00196412
1265.4  -656.272  979.382  -0.00253665
1271.52  -661.983  981.57  0.0034646
1271.8  -662.248  981.671  0.00219168
1277.92  -667.983  983.812  0.00270587
1278.2  -668.242  983.91  -0.00374858
1284.32  -673.998  986.005  0.00198742
1284.6  -674.258  986.094  -0.00160228
1290.72  -680.025  988.14  0.000173406
1291.32  -680.594  988.344  0.0017049
1293  -682.179  988.897  0.00426607
1295.14  -684.204  989.602  0.00415157
1301.26  -689.984  991.603  0.00417146
1301.54  -690.245  991.69  -7.46595e-05
1307.66  -696.047  993.648  0.00115103
1307.94  -696.32  993.73  -0.00302175
1314.06  -702.136  995.643  -0.00240627
1314.34  -702.396  995.729  0.00338244
1320.46  -708.234  997.581  0.00227281
1321.06  -708.807  997.77  0.00319135
1322.74  -710.41  998.267  0.00205364
1337.27  -724.259  1002.62  -0.00494484
1343.39  -730.111  1004.43  -0.00104079
1343.67  -730.377  1004.51  -0.00278476
1349.79  -736.242  1006.28  -0.00483909
1350.81  -737.219  1006.57  0.00324811
1352.49  -738.822  1007.04  0.00125676
1354.63  -740.878  1007.65  -0.000326824
1360.75  -746.749  1009.37  0.00281583
1361.03  -747.021  1009.44  -0.00377767
1367.15  -752.912  1011.12  0.0017187
1367.43  -753.176  1011.19  -0.000831021
1373.55  -759.079  1012.81  0.00403371
1373.83  -759.358  1012.88  -0.000162609
1379.95  -765.271  1014.45  0.00033889
1380.55  -765.854  1014.6  0.00154974
1382.23  -767.476  1015.03  -0.00113151
1384.37  -769.546  1015.57  -0.00147651
1390.49  -775.469  1017.1  -0.0019292
1390.77  -775.744  1017.16  -0.0033964
1396.89  -781.689  1018.64  -0.00258476
1397.17  -781.96  1018.71  0.00462724
1403.29  -787.912  1020.14  0.00269633
1403.57  -788.184  1020.2  0.00383226
1409.69  -794.148  1021.58  -0.00382921
1410.29  -794.735  1021.71  -0.00398461
1411.97  -796.365  1022.08  0.00466816
1414.11  -798.455  1022.55  -0.00142498
1420.23  -804.425  1023.89  -0.00265451
1420.51  -804.703  1023.94  -0.000247462
1426.64  -810.688  1025.23  0.00105362
1426.92  -810.96  1025.29  -0.00350086
1433.04  -816.956  1026.52  0.00326934
1433.32  -817.231  1026.57  -0.0033582
1439.44  -823.237  1027.76  -0.000688176
1440.04  -823.831  1027.88  -0.00331944
1441.72  -825.472  1028.19  -0.00336445
1443.86  -827.577  1028.6  -0.00115459
1449.98  -833.595  1029.74  -0.00436111
1450.26  -833.869  1029.78  0.00126611
1456.38  -839.889  1030.88  0.00388301
1456.66  -840.163  1030.93  7.13854e-05
1462.78  -846.194  1031.96  0.00365998
1463.06  -846.478  1032.01  -0.00265896
1469.18  -852.515  1033  0.00303806
1469.78  -853.104  1033.09  0.00477548
1471.46  -854.764  1033.36  0.00181908
1473.6  -856.883  1033.69  -0.00485156
1479.72  -862.929  1034.63  0.00441054
1480  -863.205  1034.67  0.00230761
1486.12  -869.261  1035.57  0.00274692
1486.4  -869.539  1035.6  -0.00353491
1492.52  -875.603  1036.45  -0.00314052
1492.8  -875.875  1036.49  0.00221895
1498.92  -881.943  1037.28  -0.00415113
1499.52  -882.544  1037.35  -0.000306928
1501.2  -884.211  1037.56  -0.000807364
1503.34  -886.334  1037.83  0.00430028
1509.46  -892.411  1038.57  -0.00163489
1509.74  -892.688  1038.61  0.00026112
1515.87  -898.769  1039.31  0.00451885
1516.15  -899.049  1039.33  -0.00192718
1522.27  -905.128  1039.98  -0.00192364
1522.55  -905.413  1040.01  -0.000856606
1528.67  -911.497  1040.61  2.82269e-06
1529.27  -912.097  1040.66  0.00109549
1530.95  -913.774  1040.81  -0.00213475
1533.09  -915.897  1041.02  0.000816088
1539.21  -921.995  1041.56  -0.000956025
1539.49  -922.279  1041.59  -0.00124454
1545.61  -928.377  1042.09  0.00354412
1545.89  -928.658  1042.11  -0.00137857
1552.01  -934.76  1042.55  0.00207152
1552.29  -935.036  1042.57  0.00330459
1558.41  -941.145  1042.97  -0.000881368
1559.01  -941.748  1043.01  -0.00164888
1560.69  -943.421  1043.1  0.00416966
1562.83  -945.563  1043.23  0.000398037
1568.95  -951.675  1043.58  0.000207412
1569.23  -951.95  1043.6  0.00467223
1575.35  -958.064  1043.89  -0.00303479
1575.63  -958.341  1043.91  0.00385455
1581.75  -964.458  1044.15  -0.00373688
1582.03  -964.741  1044.17  0.00379264
1588.15  -970.863  1044.37  0.00156417
1588.75  -971.454  1044.39  -0.00416862
1590.43  -973.14  1044.43  0.00496234
1592.57  -975.278  1044.49  -0.00478771
1598.69  -981.4  1044.64  0.00284782
1598.97  -981.675  1044.64  0.000101185
1605.1  -987.792  1044.74  -0.000581603
1605.38  -988.079  1044.74  -0.0045364
1611.5  -994.198  1044.8  0.000758707
1611.78  -994.478  1044.8  0.00111107
1617.9  -1000.6  1044.8  -0.00266556
1618.5  -1001.2  1044.8  0.00405878
1620.18  -1002.88  1044.79  -0.00495613
1622.32  -1005.01  1044.78  0.00444334
1628.44  -1011.14  1044.73  0.00480823
1628.72  -1011.42  1044.73  0.00230296
1634.84  -1017.53  1044.63  -0.00140875
1635.12  -1017.81  1044.62  0.00409858
1641.24  -1023.94  1044.48  2.43902e-05
1641.52  -1024.21  1044.47  -0.00321151
1647.64  -1030.33  1044.27  0.00440308
1648.24  -1030.93  1044.24  -0.00442963
1649.92  -1032.62  1044.18  -0.000333097
1652.06  -1034.75  1044.11  0.00306258
1658.18  -1040.87  1043.86  -0.000600373
1658.46  -1041.15  1043.84  -0.00167056
1664.58  -1047.27  1043.54  0.0045404
1664.86  -1047.54  1043.53  -0.000314737
1670.98  -1053.65  1043.18  -0.0022662
1671.26  -1053.93  1043.16  -0.00259329
1677.38  -1060.04  1042.77  -0.00106618
1677.98  -1060.64  1042.73  -0.00359081
1679.66  -1062.31  1042.61  -0.00118963
1681.8  -1064.44  1042.46  -0.00295018
1687.92  -1070.55  1042.02  -0.00113226
1688.2  -1070.83  1041.99  0.00198187
1694.33  -1076.93  1041.5  0.00352751
1694.61  -1077.21  1041.48  0.00368674
1700.73  -1083.3  1040.93  -0.00194506
1701.01  -1083.59  1040.9  0.000775192
1707.13  -1089.68  1040.31  0.00276844
1707.73  -1090.28  1040.25  0.00489047
1709.41  -1091.95  1040.08  0.00253388
1711.55  -1094.07  1039.87  0.0034871
1717.67  -1100.17  1039.21  -0.00266066
1717.95  -1100.44  1039.18  0.0028994
1724.07  -1106.52  1038.49  -0.00178862
1724.35  -1106.8  1038.46  -0.00484467
1730.47  -1112.88  1037.72  -0.000560598
1730.75  -1113.15  1037.68  -0.00182722
1736.87  -1119.22  1036.89  0.00252366
1737.47  -1119.81  1036.81  -0.00498893
1739.15  -1121.48  1036.59  0.00451967
1741.29  -1123.61  1036.3  0.00108665
1747.41  -1129.67  1035.46  -0.00301464
1747.69  -1129.94  1035.42  0.00283764
1753.81  -1136  1034.53  0.00478939
1754.09  -1136.27  1034.49  -0.000695617
1760.21  -1142.33  1033.54  0.00128189
1760.49  -1142.6  1033.5  -0.00223835
1766.61  -1148.64  1032.51  0.00350937
1767.21  -1149.23  1032.41  -0.00133901
1768.89  -1150.89  1032.13  -0.00114986
1771.03  -1153  1031.78  -0.000714657
1777.15  -1159.03  1030.74  0.00300955
1777.43  -1159.31  1030.69  -0.0038779
1783.56  -1165.33  1029.61  -0.00448847
1783.84  -1165.61  1029.56  8.18931e-05
1789.96  -1171.62  1028.42  0.000616256
1790.24  -1171.89  1028.36  0.00202687
1796.36  -1177.9  1027.17  -0.0040645
1796.96  -1178.49  1027.06  0.00305236
1798.64  -1180.14  1026.73  0.000500538
1800.78  -1182.23  1026.3  0.00337795
1806.9  -1188.23  1025.07  0.00163403
1807.18  -1188.5  1025.01  -0.00446661
1813.3  -1194.49  1023.74  -0.00291679
1813.58  -1194.76  1023.67  0.00134701
1819.7  -1200.74  1022.34  0.000271956
1819.98  -1201.01  1022.28  0.00471881
1826.1  -1206.98  1020.9  -0.00313124
1826.7  -1207.56  1020.76  0.000839488
1828.38  -1209.19  1020.38  0.000623663
1830.52  -1211.28  1019.89  -0.00459733
1836.64  -1217.22  1018.46  0.00133804
1836.92  -1217.5  1018.39  0.00228922
1843.04  -1223.44  1016.92  0.00415655
1843.32  -1223.71  1016.85  0.0033738
1849.44  -1229.64  1015.32  -0.00168979
1849.72  -1229.9  1015.25  0.000688309
1855.84  -1235.82  1013.68  0.00146139
1856.44  -1236.4  1013.53  0.00121739
1858.12  -1238.02  1013.09  0.00358315
1860.26  -1240.09  1012.53  0.00202068
1866.38  -1246  1010.91  -0.00459012
1866.66  -1246.26  1010.83  0.00315113
1872.79  -1252.15  1009.17  -0.0021312
1873.07  -1252.42  1009.08  -0.00394872
1879.19  -1258.3  1007.37  -0.00132587
1879.47  -1258.57  1007.29  -0.00119343
1885.59  -1264.43  1005.53  -0.00366208
1886.19  -1265  1005.35  -0.00191426
1887.87  -1266.61  1004.86  -0.00089149
1890.01  -1268.65  1004.23  0.00373996
1896.13  -1274.5  1002.42  0.00335501
1896.41  -1274.77  1002.35  0.00258673
1902.53  -1280.6  1000.49  -0.00466636
1902.81  -1280.87  1000.39  0.00482358
1908.93  -1286.69  998.489  0.00318942
1909.21  -1286.95  998.404  0.00311025
1915.33  -1292.75  996.448  -0.00312101
1915.93  -1293.31  996.256  -0.00135442
1917.61  -1294.91  995.716  -0.00280294
1919.75  -1296.93  995.02  -0.00392672
1925.87  -1302.72  993.026  -0.00151498
1926.15  -1302.99  992.928  -0.000526758
1932.27  -1308.75  990.884  -0.00116304
1932.55  -1309.01  990.795  -0.00148079
1938.67  -1314.76  988.694  -0.000971058
1938.95  -1315.03  988.599  0.00326674
1945.07  -1320.76  986.46  0.00317054
1945.67  -1321.32  986.243  0.000911954
1947.35  -1322.9  985.654  -0.000742192
1949.49  -1324.9  984.901  -0.00455624
1955.61  -1330.62  982.715  -0.0034662
1955.89  -1330.87  982.613  -0.00336362
1962.02  -1336.58  980.373  0.0036678
1962.3  -1336.84  980.276  0.00158436
1968.42  -1342.51  977.996  0.00281387
1968.7  -1342.77  977.893  -0.00264749
1974.82  -1348.43  975.568  0.00488359
1975.42  -1349  975.334  0.00274182
1977.1  -1350.54  974.686  0.00423435
1979.24  -1352.52  973.866  0.00265365
1985.36  -1358.16  971.494  0.000534164
1985.64  -1358.42  971.384  -0.00457752
1991.76  -1364.04  968.975  -0.00061436
1992.04  -1364.3  968.859  -0.000907174
1998.16  -1369.9  966.403  0.00450213
1998.44  -1370.16  966.279  0.00226369
2004.56  -1375.74  963.771  -0.0018525
2005.16  -1376.29  963.532  -0.00398559
2006.84  -1377.82  962.836  -0.00450126
2008.98  -1379.77  961.95  0.00384589
2015.1  -1385.33  959.396  -0.000543596
2015.38  -1385.59  959.275  -0.00232434
2021.5  -1391.13  956.681  0.00498366
2021.78  -1391.38  956.559  -0.0024924
2027.9  -1396.9  953.914  0.00197734
2028.18  -1397.15  953.795  0.00474951
2034.3  -1402.65  951.112  0.00465118
2034.9  -1403.19  950.843  0.00229978
2036.58  -1404.7  950.098  0.00165114
2038.72  -1406.61  949.156  -0.00418011
2044.84  -1412.09  946.418  -0.0029716
2045.12  -1412.34  946.293  0.00384235
2051.25  -1417.8  943.518  0.00189948
2051.53  -1418.04  943.386  -0.00376393
2057.65  -1423.48  940.571  0.0045062
2057.93  -1423.73  940.439  0.00157543
2064.05  -1429.13  937.577  -0.00132998
2064.65  -1429.67  937.287  -0.00152622
2066.33  -1431.15  936.493  -0.00447523
2068.47  -1433.04  935.486  -0.00180556
2074.59  -1438.42  932.58  0.00127688
2074.87  -1438.66  932.444  0.00371815
2080.99  -1444.02  929.493  -0.00282116
2081.27  -1444.28  929.362  -0.00439824
2087.39  -1449.61  926.358  0.00251403
2087.67  -1449.85  926.226  -0.00203434
2093.79  -1455.17  923.189  0.00155628
2094.39  -1455.68  922.884  -0.00109938
2094.85  -1456.08  922.657  -0.00473894
2095.67  -1456.79  922.251  -0.000264475
2103.7  -1463.75  918.229  -0.00361957
2109.82  -1469.04  915.142  0.0044163
2110.1  -1469.28  915  0.00382801
2116.22  -1474.54  911.881  -0.00184703
2116.5  -1474.78  911.737  -0.00345746
2122.62  -1480.02  908.569  -0.00420472
2123.22  -1480.53  908.26  0.00375516
2125.33  -1482.32  907.162  -0.00464956
2129.15  -1485.58  905.169  0.00177668
2131.67  -1487.74  903.86  0.00446
2184.86  -1533.15  876.144  0.00444803
2187.39  -1535.3  874.835  0.00193319
2191.21  -1538.57  872.845  0.00178307
2193.31  -1540.36  871.748  0.00436158
2194.94  -1541.75  870.894  0.00173269
2201.07  -1546.96  867.682  -0.00225585
2201.34  -1547.21  867.542  -0.00437412
2207.47  -1552.38  864.287  0.00256885
2207.75  -1552.62  864.134  -0.00239931
2213.87  -1557.78  860.846  -0.00311915
2214.15  -1558.01  860.686  -0.000856391
2220.27  -1563.15  857.356  0.00497274
2220.87  -1563.66  857.028  -0.0013893
2221.68  -1564.34  856.577  -0.00162593
2223.82  -1566.13  855.405  -0.00332015
2229.94  -1571.23  852.029  0.00270136
2230.22  -1571.46  851.867  0.00275145
2236.34  -1576.54  848.454  -0.00488727
2236.62  -1576.77  848.292  0.00078219
2242.75  -1581.81  844.84  -0.00111551
2243.03  -1582.05  844.674  0.00326903
2249.15  -1587.07  841.178  -0.000560976
2249.29  -1587.18  841.099  0.00208231
2250.97  -1588.55  840.133  -0.00445562
2253.11  -1590.3  838.903  0.00183478
2259.23  -1595.3  835.361  -0.00424171
2259.51  -1595.52  835.197  -0.00234133
2265.63  -1600.5  831.61  -0.00328791
2265.91  -1600.71  831.453  -0.0016128
2272.03  -1605.65  827.823  -0.00210572
2272.31  -1605.88  827.664  -0.00156147
2278.43  -1610.78  823.993  0.000680797
2279.03  -1611.26  823.639  0.00052329
2280.71  -1612.6  822.629  0.00162607
2282.85  -1614.31  821.342  -0.00189596
2288.97  -1619.19  817.636  0.00263487
2289.25  -1619.41  817.47  -0.00296203
2295.37  -1624.25  813.723  0.0036896
2295.65  -1624.47  813.556  -0.00164274
2301.77  -1629.29  809.772  -0.00101881
2302.05  -1629.5  809.606  0.00230396
2308.17  -1634.29  805.779  -0.00419374
2308.77  -1634.76  805.408  -0.00105309
2310.45  -1636.06  804.35  -0.00148114
2312.59  -1637.73  803.015  -0.00406808
2318.71  -1642.48  799.15  0.00227271
2318.99  -1642.71  798.98  -0.00141955
2325.11  -1647.43  795.076  -0.000702556
2325.39  -1647.64  794.902  0.00442854
2331.52  -1652.33  790.964  -0.00096168
2331.79  -1652.54  790.787  0.00260252
2337.92  -1657.2  786.813  -0.00346744
2338.52  -1657.65  786.418  0.00334981
2340.2  -1658.93  785.33  0.000707364
2342.34  -1660.55  783.928  0.000318042
2348.46  -1665.18  779.916  -0.00161003
2348.74  -1665.38  779.735  0.00329165
2354.86  -1669.98  775.691  0.00469744
2355.14  -1670.19  775.5  0.00412549
2361.26  -1674.75  771.413  -0.0033469
2361.54  -1674.95  771.228  -0.00437044
2367.66  -1679.48  767.11  0.00199903
2368.26  -1679.93  766.703  0.00159466
2369.94  -1681.15  765.562  -0.00368892
2384.46  -1691.85  755.746  0.00246361
2390.58  -1696.34  751.587  -0.00478328
2390.86  -1696.55  751.393  0.00251071
2396.98  -1701.01  747.2  -0.00327971
2398  -1701.75  746.497  0.00409238
2399.68  -1702.97  745.342  0.00340316
2401.82  -1704.52  743.867  -0.00470798
2407.94  -1708.95  739.64  0.00119567
2408.22  -1709.15  739.448  -0.000533184
2414.34  -1713.54  735.175  0.00166226
2414.62  -1713.74  734.988  0.000497298
2420.75  -1718.08  730.684  -0.0026074
2421.02  -1718.28  730.486  0.00449759
2427.15  -1722.61  726.145  0.00161006
2427.75  -1723.03  725.715  -0.00486474
2429.43  -1724.2  724.53  -0.00242376
2431.57  -1725.71  723.006  -0.00256721
2437.69  -1729.99  718.633  -0.00298367
2437.97  -1730.19  718.433  -0.00321089
2444.09  -1734.44  714.022  0.00249464
2444.37  -1734.63  713.825  0.00350811
2450.49  -1738.85  709.384  0.000756788
2450.77  -1739.04  709.179  -0.00487664
2456.89  -1743.22  704.706  0.00094307
2457.49  -1743.62  704.259  -0.00498617
2459.17  -1744.76  703.026  0.00349905
2461.31  -1746.21  701.459  0.00395053
2467.43  -1750.35  696.948  -0.00318273
2467.71  -1750.55  696.745  0.00122902
2473.83  -1754.65  692.203  -0.0017889
2474.11  -1754.84  691.996  -0.00415663
2480.23  -1758.9  687.416  -0.00168897
2480.51  -1759.09  687.21  0.00234671
2486.63  -1763.11  682.602  0.00497208
2487.23  -1763.51  682.148  0.00426994
2488.91  -1764.61  680.88  -0.00155818
2491.05  -1766.01  679.262  -0.00435114
2497.17  -1770.01  674.618  -0.00199635
2497.45  -1770.18  674.402  0.00373486
2503.57  -1774.14  669.731  3.32778e-05
2503.85  -1774.31  669.52  0.00247729
2509.98  -1778.23  664.813  -0.00288201
2510.25  -1778.41  664.596  0.00460355
2516.38  -1782.29  659.862  0.00110676
2516.98  -1782.67  659.401  0.00376843
2518.66  -1783.72  658.089  0.00265407
2520.8  -1785.08  656.434  -0.00331415
2526.92  -1788.91  651.662  0.00201805
2527.2  -1789.08  651.448  -0.0035462
2533.32  -1792.88  646.644  0.00067708
2533.6  -1793.06  646.422  -0.000379138
2539.72  -1796.82  641.599  0.00402021
2540  -1796.99  641.37  -0.0046553
2546.12  -1800.72  636.516  0.000943114
2546.72  -1801.08  636.032  0.00134311
2548.4  -1802.09  634.702  -0.000141773
2550.54  -1803.39  632.997  -0.00371723
2556.66  -1807.07  628.103  -0.00345136
2556.94  -1807.23  627.881  0.000968365
2563.06  -1810.88  622.958  0.00184363
2563.34  -1811.04  622.739  -0.00149275
2569.46  -1814.64  617.789  0.0019272
2569.74  -1814.81  617.555  0.00420917
2575.86  -1818.37  612.582  -0.00282564
2576.46  -1818.71  612.094  0.00311552
2578.14  -1819.68  610.72  -0.00397329
2580.28  -1820.93  608.98  -0.00234839
2586.4  -1824.45  603.969  -0.00366784
2586.68  -1824.61  603.742  0.00202228
2592.8  -1828.09  598.702  0.00417324
2593.08  -1828.24  598.477  -2.43105e-05
2599.21  -1831.68  593.405  -0.00029951
2599.48  -1831.84  593.177  -0.00160565
2605.61  -1835.24  588.086  0.00484057
2606.21  -1835.57  587.586  0.000406245
2607.89  -1836.49  586.181  0.00331413
2610.03  -1837.68  584.403  -0.00331562
2616.15  -1841.04  579.284  0.003811
2616.43  -1841.19  579.049  -0.00339317
2622.55  -1844.51  573.901  0.00430787
2622.83  -1844.65  573.663  0.00323646
2628.95  -1847.93  568.492  -0.00399173
2629.23  -1848.07  568.254  -1.30412e-05
2635.35  -1851.31  563.057  0.00432693
2635.95  -1851.62  562.545  -0.00179107
2637.63  -1852.5  561.114  -0.0044434
2639.77  -1853.62  559.294  -0.00256147
2645.89  -1856.81  554.065  -0.00173449
2646.17  -1856.95  553.831  -0.00393001
2652.29  -1860.1  548.574  0.00378687
2652.57  -1860.25  548.337  -0.00385109
2658.69  -1863.35  543.066  0.00129898
2658.97  -1863.48  542.825  -0.00392227
2665.09  -1866.55  537.522  -0.00264487
2665.69  -1866.85  537.001  -0.00400109
2667.37  -1867.68  535.539  -0.00142277
2669.51  -1868.75  533.683  0.000460211
2675.63  -1871.77  528.355  -0.0007842
2675.91  -1871.9  528.116  0.000629459
2682.03  -1874.87  522.759  -0.00482288
2682.31  -1875.01  522.52  -0.00294159
2688.44  -1877.93  517.141  0.00172188
2688.71  -1878.07  516.895  -0.000617888
2694.84  -1880.96  511.5  0.0042135
2695.44  -1881.24  510.971  0.00417559
2697.12  -1882.02  509.489  -0.00309968
2699.26  -1883.02  507.6  0.00365868
2705.38  -1885.87  502.173  -0.004654
2705.66  -1886  501.929  -0.00142696
2711.78  -1888.79  496.485  -0.00476915
2712.06  -1888.93  496.232  0.000822039
2718.18  -1891.68  490.768  -0.00452751
2718.46  -1891.81  490.512  -0.00315817
2724.58  -1894.51  485.027  0.00276991
2725.18  -1894.78  484.491  -0.000564624
2726.86  -1895.52  482.982  -0.00392918
2729  -1896.46  481.062  -0.00426593
2735.12  -1899.12  475.546  0.00190587
2735.4  -1899.24  475.297  0.00161487
2741.52  -1901.86  469.759  0.00455807
2741.8  -1901.98  469.511  -0.0029813
2747.92  -1904.55  463.958  0.0035717
2748.2  -1904.67  463.7  0.00160104
2754.32  -1907.2  458.129  -0.000982785
2754.92  -1907.45  457.584  -0.00330443
2756.6  -1908.14  456.053  -0.00348621
2758.74  -1909.01  454.094  -0.00327176
2764.86  -1911.49  448.505  -0.000246376
2765.14  -1911.61  448.242  0.000208042
2771.26  -1914.06  442.632  0.000822106
2771.54  -1914.16  442.38  -0.00497272
2777.67  -1916.56  436.744  -0.00283849
2777.94  -1916.66  436.486  0.00398566
2784.07  -1919.01  430.831  -5.92711e-05
2784.67  -1919.24  430.28  -0.00268783
2786.35  -1919.88  428.725  0.00229903
2788.49  -1920.69  426.745  -0.00283717
2794.61  -1922.99  421.073  0.00484008
2794.89  -1923.1  420.814  -0.00479686
2801.01  -1925.36  415.123  -0.00489779
2801.29  -1925.45  414.864  0.00469082
2807.41  -1927.66  409.149  0.000951772
2807.69  -1927.76  408.887  -0.00310877
2813.81  -1929.92  403.17  0.000244219
2814.41  -1930.14  402.604  -0.00308411
2816.09  -1930.73  401.025  -0.00167658
2818.23  -1931.47  399.03  0.00116673
2824.35  -1933.59  393.283  0.00391801
2824.63  -1933.69  393.014  -0.000244557
2830.75  -1935.75  387.257  -0.0033091
2831.03  -1935.84  386.998  -0.00373062
2837.15  -1937.88  381.213  -0.0028438
2837.43  -1937.97  380.951  0.00118327
2843.55  -1939.94  375.156  0.00370477
2844.15  -1940.13  374.589  0.00227149
2845.83  -1940.67  373.003  -0.00470982
2847.97  -1941.35  370.975  0.00224012
2854.09  -1943.28  365.16  -0.00172785
2854.37  -1943.37  364.9  -0.00488164
2860.49  -1945.25  359.069  -0.00440262
2860.77  -1945.34  358.805  -0.00377902
2866.9  -1947.17  352.965  0.00423707
2867.17  -1947.25  352.698  0.00311042
2873.3  -1949.04  346.841  -0.000383322
2873.9  -1949.21  346.273  -0.00385033
2875.58  -1949.69  344.664  -0.00225529
2877.72  -1950.31  342.616  -0.00415254
2883.84  -1952.05  336.743  -0.00422825
2884.12  -1952.13  336.473  0.0048254
2890.24  -1953.82  330.596  -0.0045915
2890.52  -1953.9  330.323  0.00464248
2896.64  -1955.54  324.427  -0.00370719
2896.92  -1955.62  324.155  0.00139699
2903.04  -1957.21  318.245  -0.00141632
2903.64  -1957.37  317.666  -0.00233305
2905.32  -1957.8  316.043  -0.00134882
2907.46  -1958.35  313.98  0.00496608
2913.58  -1959.9  308.058  0.000874686
2913.86  -1959.97  307.782  0.0029734
2919.98  -1961.47  301.85  0.00121796
2920.26  -1961.53  301.577  -0.00338858
2926.38  -1962.98  295.634  0.00366505
2926.66  -1963.06  295.364  -0.00424051
2932.78  -1964.45  289.403  0.000248022
2933.38  -1964.59  288.817  0.00252642
2935.06  -1964.96  287.181  -0.00437829
2937.2  -1965.45  285.091  0.000339065
2943.32  -1966.81  279.12  -0.00308992
2943.6  -1966.87  278.853  -0.000169625
2949.72  -1968.18  272.874  0.0024273
2950  -1968.24  272.595  0.00216311
2956.13  -1969.49  266.607  -0.000509274
2956.4  -1969.54  266.334  0.00380117
2962.53  -1970.75  260.332  -0.00146405
2963.13  -1970.87  259.743  -0.00437743
2964.81  -1971.2  258.095  0.00436956
2966.95  -1971.62  255.999  -0.00236939
2973.07  -1972.77  249.991  0.00260403
2973.35  -1972.82  249.709  0.00134654
2979.47  -1973.93  243.689  -0.00361182
2979.75  -1973.99  243.419  -0.00123865
2985.87  -1975.05  237.39  -0.00304256
2986.15  -1975.09  237.113  0.004207
2992.27  -1976.11  231.073  0.00303128
2992.87  -1976.21  230.49  -0.00403954
2994.55  -1976.48  228.831  0.00153078
2996.69  -1976.82  226.72  0.00452181
3002.81  -1977.79  220.667  -0.000165889
3003.09  -1977.83  220.391  -0.0013543
3009.21  -1978.75  214.343  -0.00286877
3009.49  -1978.79  214.062  -0.000875956
3015.61  -1979.65  208.01  -0.00422165
3015.89  -1979.7  207.734  0.000827176
3022.01  -1980.51  201.668  -0.00241381
3022.61  -1980.59  201.07  0.00249142
3024.29  -1980.81  199.406  -0.00449328
3026.43  -1981.08  197.277  0.00117437
3032.55  -1981.85  191.207  -0.00325338
3032.83  -1981.89  190.927  -0.00269578
3038.95  -1982.61  184.848  6.34381e-05
3039.23  -1982.63  184.579  0.00407322
3045.36  -1983.31  178.491  0.00382162
3045.63  -1983.34  178.209  -0.00273364
3051.76  -1983.96  172.119  0.00385939
3052.36  -1984.01  171.523  0.0036042
3054.04  -1984.18  169.849  -0.00103302
3056.18  -1984.38  167.722  -0.00373213
3062.3  -1984.96  161.625  0.00369329
3062.58  -1984.98  161.353  -0.00125659
3068.7  -1985.5  155.251  0.0032649
3068.98  -1985.52  154.97  -0.00218137
3075.1  -1986  148.87  -0.00382279
3075.38  -1986.02  148.587  -0.00204363
3081.5  -1986.44  142.479  0.00150346
3082.1  -1986.48  141.889  -0.00218338
3083.78  -1986.59  140.211  0.00477924
3085.92  -1986.73  138.072  -5.35336e-07
3092.04  -1987.1  131.963  -0.00124674
3092.32  -1987.11  131.688  -0.00485401
3098.44  -1987.44  125.57  0.00308977
3098.72  -1987.45  125.292  0.00404601
3104.84  -1987.73  119.175  -0.000626532
3105.12  -1987.74  118.897  -0.0038067
3111.24  -1987.95  112.784  -0.000258553
3111.84  -1987.98  112.18  0.00118129
3113.52  -1988.03  110.507  -0.000543123
3115.66  -1988.11  108.36  -0.00367097
3121.78  -1988.27  102.243  0.00478429
3122.06  -1988.28  101.962  0.00442964
3128.18  -1988.41  95.8456  -0.00398947
3128.46  -1988.41  95.5645  -0.00122614
3134.59  -1988.48  89.4405  0.0010767
3134.86  -1988.49  89.1665  0.00044446
3140.99  -1988.52  83.0491  0.00149891
3141.59  -1988.51  82.4476  -0.0035503
3141.75  -1988.51  82.2725  -0.00454572
3143.16  -1988.51  80.8755  0.00106018
3150.9  -1988.51  73.1358  0.00435468
3157.02  -1988.49  67.0152  -0.00236163
3157.3  -1988.48  66.7285  -0.0021406
3163.42  -1988.41  60.6071  0.00142078
3163.7  -1988.41  60.3274  0.00125917
3169.82  -1988.29  54.213  0.00111765
3183.49  -1987.95  40.5492  -0.00375281
3186.84  -1987.87  37.1929  -0.00369936
3187.72  -1987.84  36.3178  -0.00254667
3193.61  -1987.71  30.4298  0.000338424
3194.49  -1987.68  29.5565  -0.00335719
3197.84  -1987.6  26.2009  0.00155397
3213.09  -1987.23  10.9571  -0.00293199
3216.44  -1987.14  7.60402  0.000915119
3217.31  -1987.13  6.73651  0.00114091
3223.21  -1986.99  0.84004  0.000996324
3224.08  -1986.96  -0.0379581  -0.00306003
3227.44  -1986.88  -3.38856  -0.00216308
3242.14  -1986.53  -18.0888  -0.00143789
3248.26  -1986.34  -24.2032  0.00415513
3248.54  -1986.33  -24.4797  -0.00194641
3254.66  -1986.12  -30.5985  0.00232303
3254.94  -1986.1  -30.8768  -0.00121805
3261.06  -1985.83  -36.9996  -0.000458198
3261.34  -1985.82  -37.2735  -0.00246604
3267.46  -1985.49  -43.3843  -0.00305844
3267.77  -1985.48  -43.6944  1.32744e-05
3269.17  -1985.39  -45.093  0.00480268
3271.02  -1985.29  -46.9415  -0.00210029
3277.14  -1984.92  -53.0502  -0.00236952
3277.42  -1984.9  -53.3296  0.000359726
3283.54  -1984.48  -59.4329  -0.00369736
3283.82  -1984.46  -59.7113  -0.00358285
3289.94  -1983.98  -65.8127  0.00358676
3290.22  -1983.97  -66.089  -0.000708435
3296.34  -1983.44  -72.1895  -0.000521051
3296.48  -1983.43  -72.3321  -0.00379688
3298.16  -1983.28  -74.0085  -0.0010434
3300.3  -1983.09  -76.133  -0.000930478
3306.42  -1982.52  -82.2288  -0.000636649
3306.7  -1982.49  -82.5066  -0.00200638
3312.82  -1981.88  -88.6027  0.00203944
3313.1  -1981.84  -88.8741  2.05188e-05
3319.22  -1981.17  -94.9648  0.000790959
3319.5  -1981.14  -95.2382  0.000988385
3325.62  -1980.43  -101.319  -0.00117154
3326.23  -1980.35  -101.915  0.000632776
3327.9  -1980.14  -103.576  -0.00362829
3330.04  -1979.88  -105.709  -0.00287318
3336.17  -1979.12  -111.778  0.00351217
3336.45  -1979.09  -112.057  0.00408728
3342.57  -1978.27  -118.116  -0.0002349
3342.85  -1978.23  -118.401  0.00274501
3348.97  -1977.36  -124.459  0.00176047
3349.25  -1977.32  -124.729  -0.00330303
3355.37  -1976.4  -130.79  0.00323594
3355.97  -1976.31  -131.375  -0.00252643
3357.65  -1976.05  -133.039  -0.00423702
3359.79  -1975.73  -135.155  0.00212226
3365.91  -1974.75  -141.198  0.0040359
3366.19  -1974.71  -141.478  0.00309555
3372.31  -1973.7  -147.508  -0.00202989
3372.59  -1973.65  -147.787  0.0037283
3378.71  -1972.59  -153.814  -0.000394757
3378.99  -1972.54  -154.093  -0.00400256
3385.11  -1971.42  -160.112  0.00304441
3385.71  -1971.32  -160.701  -0.00167909
3387.39  -1971.01  -162.351  -0.00123366
3389.53  -1970.61  -164.45  -0.000114699
3395.65  -1969.45  -170.457  0.00174214
3395.93  -1969.39  -170.734  -0.000761129
3402.05  -1968.18  -176.735  -0.00457481
3402.33  -1968.13  -177.007  0.000144343
3408.45  -1966.87  -183.006  0.00323481
3408.73  -1966.81  -183.274  -0.0013973
3414.85  -1965.5  -189.259  0.0043425
3415.46  -1965.37  -189.838  -0.00489692
3417.13  -1965.01  -191.48  0.00301737
3431.66  -1961.85  -205.654  0.0048562
3437.78  -1960.5  -211.621  0.00040865
3438.06  -1960.44  -211.9  0.000501041
3444.18  -1959.03  -217.851  -0.00385651
3445.2  -1958.79  -218.847  -0.0032629
3446.88  -1958.39  -220.482  0.00477763
3449.02  -1957.9  -222.557  0.0025994
3455.14  -1956.45  -228.511  0.00153451
3455.42  -1956.38  -228.773  0.00184622
3461.54  -1954.88  -234.712  0.00299899
3461.82  -1954.81  -234.984  -0.00096721
3467.94  -1953.26  -240.905  0.00382671
3468.22  -1953.19  -241.176  0.00213863
3474.34  -1951.6  -247.087  0.00284108
3474.94  -1951.44  -247.663  -0.000937633
3476.62  -1950.99  -249.279  -0.00170729
3478.76  -1950.42  -251.345  -0.000757865
3484.88  -1948.78  -257.238  -0.00267371
3485.16  -1948.7  -257.512  0.00120904
3491.28  -1947.01  -263.394  0.00028475
3491.56  -1946.93  -263.667  -0.00445713
3497.68  -1945.19  -269.53  0.002195
3497.96  -1945.11  -269.799  0.00414343
3504.08  -1943.32  -275.656  -0.00077037
3504.69  -1943.15  -276.23  -0.00229007
3506.36  -1942.65  -277.828  -0.00423149
3508.5  -1942.02  -279.874  -0.000523315
3514.63  -1940.18  -285.713  0.0041312
3514.91  -1940.1  -285.983  0.00472255
3521.03  -1938.22  -291.812  0.00327664
3521.31  -1938.13  -292.072  0.00399402
3527.43  -1936.2  -297.887  0.000824114
3527.71  -1936.11  -298.148  0.00369725
3533.83  -1934.13  -303.942  0.00102848
3534.43  -1933.93  -304.503  -0.00437192
3536.11  -1933.39  -306.098  0.00373359
3538.25  -1932.69  -308.118  0.00178756
3544.37  -1930.67  -313.893  -0.00169297
3544.65  -1930.57  -314.158  -0.00321898
3550.77  -1928.5  -319.922  -0.00316536
3551.05  -1928.41  -320.181  -0.00173384
3557.17  -1926.29  -325.929  -0.00487614
3557.45  -1926.19  -326.182  0.000636611
3563.57  -1924.03  -331.911  -7.96654e-05
3564.17  -1923.82  -332.474  -0.00356494
3565.85  -1923.21  -334.047  0.00163639
3567.99  -1922.45  -336.039  -0.00100707
3574.11  -1920.24  -341.754  -0.000425915
3574.39  -1920.14  -342.01  0.00330091
3580.51  -1917.88  -347.699  0.00336106
3580.79  -1917.78  -347.957  0.00249535
3586.91  -1915.48  -353.63  -0.00336805
3587.19  -1915.37  -353.887  -0.00422434
3593.31  -1913.03  -359.546  0.00465479
3593.92  -1912.79  -360.093  -0.00246969
3595.59  -1912.14  -361.645  -0.00200163
3597.73  -1911.31  -363.618  0.00451071
3603.86  -1908.91  -369.251  -0.000774622
3604.14  -1908.8  -369.512  -0.00450524
3610.26  -1906.36  -375.127  0.00486558
3610.54  -1906.25  -375.381  0.00105869
3616.66  -1903.77  -380.974  -0.000298911
3616.94  -1903.66  -381.225  0.00469331
3623.06  -1901.12  -386.802  -0.00154905
3623.66  -1900.88  -387.343  -0.00418656
3625.34  -1900.17  -388.868  0.00116859
3627.48  -1899.28  -390.814  -0.00178669
3633.6  -1896.71  -396.374  -8.02695e-05
3633.88  -1896.59  -396.622  0.00475469
3640  -1893.97  -402.159  0.00479616
3640.28  -1893.84  -402.407  0.00123563
3646.4  -1891.18  -407.916  0.00215701
3646.68  -1891.05  -408.174  0.00328948
3652.8  -1888.34  -413.659  0.00451138
3653.4  -1888.08  -414.197  0.00227036
3655.08  -1887.33  -415.697  -0.00370815
3657.22  -1886.38  -417.611  -0.00197472
3663.34  -1883.62  -423.075  0.000606341
3663.62  -1883.49  -423.329  -0.00335165
3669.74  -1880.69  -428.775  -0.00349905
3670.02  -1880.56  -429.025  -0.00106372
3676.14  -1877.72  -434.445  0.00110195
3676.42  -1877.59  -434.691  -0.00039673
3682.54  -1874.7  -440.091  -0.00138511
3683.15  -1874.41  -440.616  -0.00137977
3684.82  -1873.62  -442.088  0.00281054
3686.96  -1872.6  -443.977  -0.00423112
3693.09  -1869.67  -449.35  0.00474722
3693.37  -1869.53  -449.597  0.00493247
3699.49  -1866.56  -454.941  -0.00401656
3699.77  -1866.43  -455.192  0.00268145
3705.89  -1863.41  -460.51  0.000739309
3706.17  -1863.27  -460.756  0.00268928
3712.29  -1860.21  -466.061  -0.00300027
3712.89  -1859.91  -466.574  -0.00332069
3714.57  -1859.06  -468.031  0.00117957
3716.71  -1857.98  -469.876  -0.00196351
3722.83  -1854.88  -475.149  0.0041215
3723.11  -1854.74  -475.392  -0.000342311
3729.23  -1851.59  -480.647  -0.00152462
3729.51  -1851.44  -480.881  0.000880395
3735.63  -1848.26  -486.103  -0.000620133
3735.91  -1848.11  -486.343  -0.00333501
3742.03  -1844.88  -491.542  -0.00436474
3742.63  -1844.56  -492.05  0.00109821
3744.31  -1843.67  -493.471  0.00123003
3746.45  -1842.53  -495.286  0.00498259
3752.57  -1839.26  -500.458  0.00460641
3752.85  -1839.1  -500.698  -0.000581041
3758.97  -1835.79  -505.842  0.00487966
3759.25  -1835.64  -506.08  0.000748617
3765.37  -1832.28  -511.193  0.00310053
3765.65  -1832.13  -511.434  0.00445298
3771.77  -1828.74  -516.523  0.000906444
3772.38  -1828.4  -517.022  -0.00452918
3774.05  -1827.46  -518.415  -0.00243349
3776.19  -1826.26  -520.187  0.000621864
3782.32  -1822.82  -525.253  0.00478183
3782.6  -1822.66  -525.483  0.000996303
3788.72  -1819.19  -530.514  0.00041047
3789  -1819.03  -530.75  0.00419609
3795.12  -1815.5  -535.758  -0.00435046
3795.4  -1815.34  -535.979  0.00220832
3801.52  -1811.78  -540.959  -0.00235253
3802.12  -1811.43  -541.442  0.00449778
3803.8  -1810.45  -542.809  -0.00129805
3805.94  -1809.2  -544.543  0.0044117
3812.06  -1805.59  -549.49  0.00316085
3812.34  -1805.42  -549.715  -0.00299835
3818.46  -1801.79  -554.639  0.0018817
3818.74  -1801.62  -554.865  2.73705e-05
3824.86  -1797.94  -559.748  -0.0032428
3825.14  -1797.76  -559.978  0.00371973
3831.26  -1794.05  -564.837  0.00063127
3831.86  -1793.68  -565.313  0.00279054
3833.54  -1792.66  -566.637  0.00169154
3835.68  -1791.34  -568.331  0.00225349
3841.8  -1787.58  -573.16  -0.00116646
3842.08  -1787.41  -573.387  -0.00144802
3848.2  -1783.61  -578.184  -0.000401657
3848.48  -1783.44  -578.399  -0.00167176
3854.6  -1779.6  -583.169  -0.00415995
3854.88  -1779.43  -583.382  -0.00059773
3861  -1775.54  -588.12  -0.00455953
3861.61  -1775.16  -588.583  0.00179642
3863.28  -1774.09  -589.883  -0.00192715
3865.42  -1772.73  -591.535  0.00202887
3871.55  -1768.81  -596.232  -0.00433162
3871.83  -1768.64  -596.449  0.00403326
3877.95  -1764.68  -601.128  0.00470571
3878.23  -1764.51  -601.338  0.00479706
3884.35  -1760.51  -605.972  9.40926e-05
3884.63  -1760.33  -606.185  -0.00440486
3890.75  -1756.3  -610.801  0.00457125
3891.35  -1755.9  -611.242  -0.000690426
3893.03  -1754.79  -612.507  0.00270359
3895.17  -1753.38  -614.107  -0.00106985
3901.29  -1749.31  -618.685  0.000984802
3901.57  -1749.12  -618.89  -0.00259434
3907.69  -1745.02  -623.433  0.00177485
3907.97  -1744.83  -623.645  -0.00199636
3914.09  -1740.69  -628.156  0.00150037
3914.37  -1740.5  -628.362  0.000437469
3920.49  -1736.33  -632.834  0.00309728
3921.09  -1735.91  -633.271  -0.00217015
3922.77  -1734.76  -634.49  -0.00430914
3924.91  -1733.3  -636.055  0.00390602
3931.03  -1729.08  -640.493  -0.0029921
3931.31  -1728.89  -640.7  0.00420182
3937.43  -1724.64  -645.104  -0.000563759
3937.71  -1724.44  -645.302  0.00231838
3943.83  -1720.16  -649.67  -0.00458148
3944.11  -1719.97  -649.869  0.00122575
3950.23  -1715.65  -654.215  0.00356975
3950.84  -1715.22  -654.635  -0.000424953
3952.51  -1714.03  -655.82  -0.00360102
3954.65  -1712.51  -657.328  -0.000353157
3960.78  -1708.16  -661.631  -0.00367607
3961.06  -1707.96  -661.823  0.00291684
3967.18  -1703.57  -666.094  0.00344065
3967.46  -1703.37  -666.284  -0.00282074
3973.58  -1698.95  -670.514  -0.0028178
3973.86  -1698.74  -670.712  2.52126e-05
3979.98  -1694.29  -674.907  0.00383226
3980.58  -1693.85  -675.312  -0.00288457
3982.26  -1692.61  -676.458  -0.00258389
3984.4  -1691.06  -677.92  0.00132006
3990.52  -1686.57  -682.074  -0.00494033
3990.8  -1686.35  -682.272  -0.000896305
3996.92  -1681.83  -686.391  0.0038079
3997.2  -1681.62  -686.576  0.00284506
4003.32  -1677.07  -690.666  0.00156122
4003.6  -1676.86  -690.848  -0.00392092
4009.72  -1672.26  -694.894  0.00444781
4010.32  -1671.81  -695.288  -0.000150165
4012  -1670.55  -696.396  0.00314077
4014.14  -1668.94  -697.807  0.000560458
4020.26  -1664.31  -701.818  0.00277839
4020.54  -1664.1  -701.996  0.000719225
4026.66  -1659.44  -705.969  0.00481796
4026.94  -1659.23  -706.147  -0.00224205
4033.06  -1654.54  -710.089  0.000546282
4033.34  -1654.32  -710.262  0.00417782
4039.46  -1649.6  -714.165  -0.000322988
4040.07  -1649.13  -714.537  -0.000245792
4041.74  -1647.84  -715.606  -0.00457416
4043.88  -1646.18  -716.956  -0.00340234
4050.01  -1641.43  -720.817  -0.00249458
4050.29  -1641.21  -720.994  -0.00375991
4056.41  -1636.43  -724.817  0.00179826
4056.69  -1636.21  -724.981  -0.0018874
4062.81  -1631.39  -728.77  0.0036773
4063.09  -1631.18  -728.935  0.00142307
4069.21  -1626.33  -732.677  -0.00339741
4069.81  -1625.85  -733.041  -0.00358438
4071.49  -1624.52  -734.065  0.00316418
4073.63  -1622.82  -735.367  0.00153111
4079.75  -1617.94  -739.066  -0.00199127
4080.03  -1617.72  -739.231  0.0013774
4086.15  -1612.82  -742.902  0.00192147
4086.43  -1612.59  -743.063  0.00226748
4092.55  -1607.66  -746.689  -0.00431878
4092.83  -1607.43  -746.846  -0.00426522
4098.95  -1602.47  -750.43  0.00271983
4099.55  -1601.98  -750.777  0.00431547
4101.23  -1600.61  -751.761  0.00398379
4103.37  -1598.88  -753.008  0.00128491
4109.49  -1593.88  -756.543  0.000128729
4109.77  -1593.65  -756.711  -0.00205416
4115.89  -1588.63  -760.206  -0.00391241
4116.17  -1588.4  -760.366  0.0034828
4122.29  -1583.35  -763.83  0.00251893
4122.57  -1583.12  -763.987  0.00456425
4128.69  -1578.04  -767.398  -0.0013434
4129.3  -1577.54  -767.731  0.00274163
4130.97  -1576.15  -768.666  0.000181054
4133.11  -1574.37  -769.857  0.00498762
4139.24  -1569.26  -773.236  -0.00425055
4139.52  -1569.02  -773.387  -0.00128741
4145.64  -1563.89  -776.726  0.00285107
4145.92  -1563.66  -776.878  -0.0030851
4152.04  -1558.5  -780.164  0.00254942
4152.32  -1558.27  -780.316  -0.00452371
4158.44  -1553.08  -783.572  -0.00317335
4159.04  -1552.57  -783.886  -0.000265923
4160.72  -1551.15  -784.77  -0.00363943
4162.86  -1549.33  -785.904  0.00498429
4168.98  -1544.12  -789.109  -0.00146873
4169.26  -1543.87  -789.257  0.00497739
4175.38  -1538.64  -792.424  0.00442571
4175.66  -1538.39  -792.57  0.00278808
4181.78  -1533.14  -795.692  0.00475915
4182.06  -1532.9  -795.835  -0.00138575
4188.18  -1527.61  -798.914  -0.00293434
4188.78  -1527.09  -799.221  0.001592
4189.24  -1526.68  -799.45  -0.000818211
4190.06  -1525.98  -799.86  0.00438686
4198.09  -1519.02  -803.878  -0.00446439
4204.21  -1513.7  -806.916  0.00244766
4204.49  -1513.46  -807.046  0.00412638
4210.61  -1508.12  -810.047  -0.000301548
4210.89  -1507.88  -810.183  -0.0019363
4217.02  -1502.52  -813.131  0.0014141
4217.62  -1501.99  -813.426  -0.00239607
4219.72  -1500.14  -814.433  0.000526721
4223.54  -1496.8  -816.26  0.00459378
4226.06  -1494.57  -817.469  -0.00234034
4279.25  -1447.87  -842.928  -0.000631649
4281.78  -1445.66  -844.142  0.00454398
4285.6  -1442.3  -845.974  0.00170772
4287.7  -1440.46  -846.979  0.00166
4289.33  -1439.03  -847.755  7.03031e-05
4295.46  -1433.64  -850.671  0.00138677
4295.74  -1433.39  -850.795  -0.00144694
4301.86  -1427.98  -853.662  0.00420827
4302.14  -1427.74  -853.792  0.00281731
4308.26  -1422.31  -856.61  0.00185722
4308.54  -1422.06  -856.741  0.00294615
4314.66  -1416.6  -859.521  -0.00378219
4315.26  -1416.07  -859.789  0.00249462
4316.07  -1415.34  -860.152  -0.0010002
4318.21  -1413.43  -861.117  0.00334838
4324.33  -1407.95  -863.847  -0.000942272
4324.61  -1407.69  -863.974  0.000713242
4330.74  -1402.2  -866.66  0.000443943
4331.02  -1401.94  -866.787  -0.00259357
4337.14  -1396.42  -869.431  -0.00332331
4337.42  -1396.18  -869.545  0.00125073
4343.54  -1390.63  -872.147  0.00431593
4343.68  -1390.5  -872.201  -0.0049159
4345.36  -1388.98  -872.916  -0.0042325
4347.5  -1387.04  -873.814  -0.00480341
4353.62  -1381.48  -876.369  -0.00169592
4353.9  -1381.22  -876.483  0.00406382
4360.02  -1375.64  -878.985  0.00340414
4360.3  -1375.38  -879.097  -0.00308542
4366.42  -1369.78  -881.564  0.000227499
4366.7  -1369.52  -881.672  -0.00437538
4372.82  -1363.9  -884.098  0.0031075
4373.42  -1363.35  -884.331  0.00143567
4375.1  -1361.8  -884.988  -0.00245043
4377.24  -1359.83  -885.82  0.000268611
4383.36  -1354.18  -888.191  -0.00169739
4383.64  -1353.93  -888.296  0.00339203
4389.76  -1348.27  -890.628  -0.00425164
4390.04  -1348.01  -890.731  -0.00277828
4396.16  -1342.33  -893.008  -0.0047788
4396.44  -1342.06  -893.114  0.00432928
4402.56  -1336.37  -895.341  0.00108392
4403.16  -1335.8  -895.561  -7.75928e-05
4404.84  -1334.24  -896.164  -0.0029483
4406.98  -1332.25  -896.941  0.00377274
4413.1  -1326.53  -899.13  0.00108
4413.38  -1326.26  -899.226  -0.00132671
4419.51  -1320.54  -901.366  0.00458534
4419.78  -1320.27  -901.468  0.00419585
4425.91  -1314.52  -903.554  -0.0033212
4426.19  -1314.25  -903.65  0.000799252
4432.31  -1308.48  -905.696  0.000760997
4432.91  -1307.91  -905.898  -0.0021856
4434.59  -1306.33  -906.448  -0.00153728
4436.73  -1304.31  -907.158  0.000557265
4442.85  -1298.52  -909.162  0.00285241
4443.13  -1298.26  -909.248  -0.00448125
4449.25  -1292.46  -911.207  -0.00278147
4449.53  -1292.19  -911.286  0.00440002
4455.65  -1286.38  -913.194  -0.00498448
4455.93  -1286.11  -913.281  0.00421395
4462.05  -1280.28  -915.137  -0.00268602
4462.65  -1279.71  -915.32  -0.000679352
4464.33  -1278.11  -915.82  -0.000562236
4478.85  -1264.25  -920.173  -0.00283724
4484.97  -1258.41  -921.989  0.00245486
4485.25  -1258.14  -922.072  0.00130848
4491.37  -1252.27  -923.83  -0.00171023
4492.39  -1251.3  -924.121  0.00376146
4494.07  -1249.69  -924.602  0.00419654
4496.21  -1247.63  -925.208  -0.000572558
4502.33  -1241.76  -926.927  0.00342601
4502.61  -1241.49  -926.997  -0.00348953
4508.74  -1235.6  -928.672  -0.00237541
4509.01  -1235.34  -928.748  -0.00321495
4515.14  -1229.43  -930.366  0.00163805
4515.42  -1229.16  -930.437  -0.00290029
4521.54  -1223.25  -932.012  -0.00136185
4522.14  -1222.66  -932.159  -0.000619404
4523.82  -1221.04  -932.592  0.00102164
4525.96  -1218.97  -933.129  0.00368729
4532.08  -1213.04  -934.656  -0.00227005
4532.36  -1212.77  -934.722  -0.00471063
4538.48  -1206.83  -936.197  -0.00256217
4538.76  -1206.56  -936.263  0.00312662
4544.88  -1200.6  -937.695  0.00473991
4545.16  -1200.33  -937.752  0.00123193
4551.28  -1194.36  -939.138  -0.00164302
4551.88  -1193.78  -939.269  -0.00454713
4553.56  -1192.14  -939.635  0.00316597
4555.7  -1190.05  -940.11  -0.00123464
4561.82  -1184.08  -941.446  -0.00323047
4562.1  -1183.81  -941.507  0.00107984
4568.22  -1177.82  -942.79  -0.00413555
4568.5  -1177.56  -942.846  0.00418031
4574.62  -1171.55  -944.076  -0.00200449
4574.9  -1171.28  -944.131  0.00143158
4581.02  -1165.28  -945.313  0.00270184
4581.62  -1164.68  -945.428  0.00185252
4583.3  -1163.04  -945.75  0.00276047
4585.44  -1160.93  -946.158  0.00103218
4591.56  -1154.92  -947.296  -0.00451413
4591.84  -1154.65  -947.34  0.00103225
4597.97  -1148.62  -948.429  -0.0030679
4598.24  -1148.35  -948.481  -0.00186149
4604.37  -1142.31  -949.514  0.0035827
4604.65  -1142.04  -949.567  -0.00229522
4610.77  -1136  -950.55  0.000902023
4611.37  -1135.4  -950.652  0.00390355
4613.05  -1133.75  -950.916  0.00151188
4615.19  -1131.64  -951.246  0.0016602
4621.31  -1125.58  -952.19  0.00429148
4621.59  -1125.31  -952.231  -0.00127208
4627.71  -1119.25  -953.119  -0.00428434
4627.99  -1118.98  -953.164  0.000803358
4634.11  -1112.91  -954.007  -0.00303156
4634.39  -1112.64  -954.04  0.00315948
4640.51  -1106.57  -954.832  0.00405462
4641.11  -1105.97  -954.914  0.000143022
4642.79  -1104.3  -955.122  -0.00173541
4644.93  -1102.18  -955.392  -0.00145089
4651.05  -1096.11  -956.136  -0.00246131
4651.33  -1095.83  -956.166  -0.00195737
4657.45  -1089.75  -956.864  -0.00127776
4657.73  -1089.46  -956.888  -0.0038817
4663.85  -1083.38  -957.532  -0.00226964
4664.13  -1083.1  -957.563  0.00200909
4670.25  -1077.01  -958.155  0.00409762
4670.85  -1076.41  -958.217  -0.0015592
4672.53  -1074.74  -958.368  -0.00475691
4674.67  -1072.61  -958.573  -0.003552
4680.79  -1066.52  -959.119  -0.000914504
4681.07  -1066.23  -959.138  0.00322856
4687.2  -1060.13  -959.633  -0.000891219
4687.47  -1059.86  -959.657  0.00492642
4693.6  -1053.75  -960.106  -0.00183846
4693.88  -1053.48  -960.121  -0.00077213
4700  -1047.36  -960.523  0.00453037
4700.6  -1046.76  -960.556  -0.0048475
4702.28  -1045.09  -960.664  -0.0041125
4704.42  -1042.95  -960.792  -0.00119506
4710.54  -1036.84  -961.135  -0.00208826
4710.82  -1036.56  -961.157  0.000295719
4716.94  -1030.44  -961.454  -0.00271971
4717.22  -1030.17  -961.46  0.00210534
4723.34  -1024.06  -961.709  -0.00496892
4723.62  -1023.77  -961.718  0.000713788
4729.74  -1017.66  -961.921  -0.00333094
4730.34  -1017.05  -961.938  -0.00347411
4732.02  -1015.38  -961.988  -0.00302314
4734.16  -1013.24  -962.051  0.0045008
4740.28  -1007.12  -962.196  -0.00241633
4740.56  -1006.83  -962.198  0.000502479
4746.68  -1000.72  -962.303  0.00189856
4746.96  -1000.44  -962.302  -0.00150406
4753.08  -994.32  -962.35  -0.00367031
4753.36  -994.033  -962.353  -0.00250247
4759.48  -987.912  -962.352  0.000855063
4760.08  -987.32  -962.352  -0.00294268
4761.76  -985.633  -962.346  0.00317633
4763.9  -983.495  -962.337  -0.000384279
4770.02  -977.378  -962.287  -0.00308771
4770.3  -977.094  -962.284  -0.00132973
4776.43  -970.976  -962.183  0.000648615
4776.7  -970.696  -962.181  -0.00212159
4782.83  -964.572  -962.028  -0.0037978
4783.11  -964.296  -962.022  -0.00142545
4789.23  -958.181  -961.828  0.00187728
4789.83  -957.58  -961.8  8.22712e-05
4791.51  -955.897  -961.74  0.00268558
4793.65  -953.761  -961.664  0.00340727
4799.77  -947.646  -961.413  -0.000108169
4800.05  -947.37  -961.406  -0.00306373
4806.17  -941.253  -961.099  -0.00114664
4806.45  -940.978  -961.083  0.0043063
4812.57  -934.863  -960.739  0.00318461
4812.85  -934.582  -960.726  0.00223694
4818.97  -928.47  -960.326  -0.00173046
4819.57  -927.874  -960.283  0.00203665
4821.25  -926.204  -960.172  0.00383667
4823.39  -924.068  -960.021  0.00497248
4829.51  -917.958  -959.578  0.00263444
4829.79  -917.686  -959.555  -0.000884169
4835.91  -911.578  -959.06  0.00245793
4836.19  -911.303  -959.031  -0.00294703
4842.31  -905.204  -958.49  0.00257999
4842.59  -904.927  -958.463  0.00334515
4848.71  -898.834  -957.87  0.00260207
4849.31  -898.237  -957.804  0.00380204
4850.99  -896.563  -957.631  0.00356918
4853.13  -894.439  -957.416  -0.00308404
4859.25  -888.356  -956.778  -0.00491325
4859.53  -888.074  -956.742  -0.000786617
4865.66  -881.989  -956.046  0.0036463
4865.93  -881.713  -956.011  -0.00123835
4872.06  -875.638  -955.275  -0.00333319
4872.34  -875.357  -955.24  0.000416065
4878.46  -869.292  -954.442  0.000180828
4879.06  -868.692  -954.366  0.00206948
4880.74  -867.035  -954.14  -0.00487447
4882.88  -864.915  -953.855  -0.00320756
4889  -858.85  -953.015  -0.00330908
4889.28  -858.568  -952.972  -0.00305285
4895.4  -852.517  -952.086  0.00438955
4895.68  -852.236  -952.042  -0.00291906
4901.8  -846.189  -951.095  -0.00393402
4902.08  -845.913  -951.055  0.00184619
4908.2  -839.874  -950.069  0.00452667
4908.8  -839.284  -949.968  0.00074766
4910.48  -837.623  -949.684  0.0024955
4912.62  -835.51  -949.329  -0.000738361
4918.74  -829.478  -948.293  -0.00378628
4919.02  -829.211  -948.242  -0.00155728
4925.14  -823.179  -947.159  0.0048345
4925.42  -822.908  -947.111  -0.00216824
4931.54  -816.893  -945.976  0.00169076
4931.82  -816.621  -945.914  -0.00416907
4937.94  -810.618  -944.736  -0.000605559
4938.54  -810.026  -944.618  -0.00327696
4940.22  -808.383  -944.283  0.00154709
4942.36  -806.276  -943.861  -0.0017928
4948.48  -800.282  -942.632  -0.000137465
4948.76  -800.014  -942.571  0.000170024
4954.89  -794.031  -941.288  0.00157854
4955.16  -793.755  -941.225  0.00262306
4961.29  -787.781  -939.899  -0.00244112
4961.57  -787.51  -939.835  0.00240309
4967.69  -781.539  -938.457  -0.00295038
4968.29  -780.954  -938.317  0.00465565
4969.97  -779.32  -937.936  0.00209691
4972.11  -777.241  -937.439  0.00169397
4978.23  -771.289  -936.017  0.0040921
4978.51  -771.015  -935.95  -0.00182083
4984.63  -765.075  -934.466  0.00299388
4984.91  -764.802  -934.4  -0.00127719
4991.03  -758.872  -932.879  0.00374523
4991.31  -758.608  -932.804  -0.00436692
4997.43  -752.69  -931.236  -0.00162229
4998.03  -752.108  -931.074  -0.000637875
4999.71  -750.486  -930.642  0.00283307
5001.85  -748.426  -930.08  0.00024318
5007.97  -742.515  -928.459  0.000868942
5008.25  -742.246  -928.388  -0.00318481
5014.37  -736.357  -926.717  0.00499204
5014.65  -736.093  -926.644  -0.00028957
5020.77  -730.218  -924.926  0.000411627
5021.05  -729.944  -924.852  -0.00203405
5027.17  -724.089  -923.081  0.00268364
5027.77  -723.517  -922.911  -0.0028522
5029.45  -721.906  -922.416  0.00343653
5031.59  -719.859  -921.797  -0.00498462
5037.71  -714.014  -919.985  -0.00209769
5037.99  -713.741  -919.898  0.00097399
5044.12  -707.909  -918.035  0.00063258
5044.39  -707.65  -917.958  -0.00419007
5050.52  -701.83  -916.052  0.00193153
5050.8  -701.564  -915.956  0.00236205
5056.92  -695.768  -914.011  -0.00313413
5057.52  -695.191  -913.811  -0.00438137
5059.2  -693.607  -913.273  -0.00270252
5061.34  -691.577  -912.583  0.000334745
5067.46  -685.798  -910.577  -0.00427336
5067.74  -685.533  -910.492  0.00399022
5073.86  -679.763  -908.437  0.00287287
5074.14  -679.5  -908.343  -0.000818344
5080.26  -673.752  -906.257  0.00382874
5080.54  -673.481  -906.152  0.00331394
5086.66  -667.751  -904.021  0.00371538
5087.26  -667.189  -903.804  -0.00362255
5088.94  -665.619  -903.214  0.00157726
5091.08  -663.612  -902.454  8.61571e-06
5097.2  -657.899  -900.265  0.00397745
5097.48  -657.639  -900.166  -0.00272168
5103.6  -651.943  -897.937  0.00462141
5103.88  -651.675  -897.832  -0.00484359
5110  -645.997  -895.551  -0.00464431
5110.28  -645.741  -895.45  0.00358358
5116.4  -640.08  -893.119  0.00480246
5117  -639.52  -892.891  0.00275791
5118.68  -637.972  -892.242  -0.0032114
5120.82  -635.99  -891.423  -0.00126789
5126.94  -630.352  -889.05  -0.00100832
5127.22  -630.092  -888.947  0.000583761
5133.35  -624.47  -886.531  -0.00184346
5133.62  -624.211  -886.413  -0.00473582
5139.75  -618.606  -883.958  -0.00409052
5140.03  -618.349  -883.836  -0.000599363
5146.15  -612.774  -881.335  0.00175549
5146.75  -612.222  -881.086  -0.00323322
5148.43  -610.69  -880.388  0.00366204
5150.57  -608.75  -879.504  0.000812729
5156.69  -603.185  -876.95  -0.00156079
5156.97  -602.926  -876.832  0.00272835
5163.09  -597.381  -874.237  -0.00261696
5163.37  -597.134  -874.112  -0.00466277
5169.49  -591.615  -871.472  -0.000841714
5169.77  -591.361  -871.354  -0.00430878
5175.89  -585.864  -868.66  -0.00320002
5176.49  -585.318  -868.397  -3.1452e-05
5178.17  -583.817  -867.651  -0.0012606
5180.31  -581.902  -866.705  0.0010898
5186.43  -576.42  -863.975  -0.00324775
5186.71  -576.173  -863.848  -0.00367908
5192.83  -570.713  -861.074  0.00418729
5193.11  -570.465  -860.94  -0.00447917
5199.23  -565.034  -858.123  0.000383584
5199.51  -564.782  -857.989  -0.00449425
5205.63  -559.38  -855.129  -0.000437036
5206.23  -558.849  -854.84  -0.00432162
5207.91  -557.364  -854.05  -0.000153088
5210.05  -555.48  -853.041  -0.00317447
5216.17  -550.092  -850.132  -0.000925225
5216.45  -549.847  -850  -0.000589171
5222.58  -544.483  -847.05  0.00454533
5222.85  -544.246  -846.91  0.00287121
5228.98  -538.901  -843.913  -0.00213962
5229.26  -538.662  -843.782  0.00127572
5235.38  -533.351  -840.742  0.00305768
5235.98  -532.826  -840.445  0.00100856
5236.44  -532.432  -840.214  -4.60639e-05
5237.25  -531.727  -839.805  -0.0036208
5245.29  -524.762  -835.785  0.0045494
5251.41  -519.473  -832.699  -0.00105967
5251.69  -519.231  -832.559  -0.00299153
5257.81  -513.974  -829.439  -0.000666863
5258.09  -513.727  -829.291  -0.00454451
5264.21  -508.498  -826.128  0.00203591
5264.81  -507.986  -825.816  0.00183194
5266.91  -506.186  -824.722  -0.00416973
5270.73  -502.927  -822.73  0.00106733
5273.26  -500.775  -821.412  0.000524954
5326.45  -455.367  -793.701  0.00301956
5328.97  -453.213  -792.384  -0.00404263
5332.79  -449.955  -790.396  0.00210414
5334.9  -448.157  -789.307  0.00214593
5336.53  -446.76  -788.448  0.00171474
5342.65  -441.554  -785.238  0.00411044
5342.93  -441.311  -785.091  -0.00213558
5349.05  -436.128  -781.838  -0.00179349
5349.33  -435.892  -781.688  -0.00243259
5355.45  -430.736  -778.399  -0.00423628
5355.73  -430.494  -778.248  -0.00118404
5361.85  -425.36  -774.912  -0.000370874
5362.45  -424.864  -774.578  -0.00249099
5363.27  -424.178  -774.138  -0.003264
5365.41  -422.394  -772.957  -0.00210626
5371.53  -417.284  -769.581  0.0018907
5371.81  -417.049  -769.426  0.000225704
5377.93  -411.975  -766.006  0.00369852
5378.21  -411.742  -765.855  -0.00404591
5384.33  -406.694  -762.392  -0.00011367
5384.61  -406.462  -762.233  -0.00114799
5390.73  -401.439  -758.73  0.00302853
5390.87  -401.329  -758.65  -0.000882856
5392.55  -399.952  -757.685  0.00280981
5394.69  -398.203  -756.455  5.9334e-05
5400.81  -393.217  -752.909  -0.00137799
5401.09  -392.985  -752.752  0.00467575
5407.21  -388.022  -749.164  -0.00409795
5407.49  -387.794  -748.999  -0.00451679
5413.61  -382.864  -745.379  0.00267661
5413.89  -382.634  -745.212  -0.00486772
5420.02  -377.728  -741.556  -0.00278329
5420.62  -377.248  -741.189  0.000390146
5422.29  -375.91  -740.185  -0.00118013
5424.43  -374.197  -738.9  0.00323959
5430.56  -369.326  -735.189  -0.00116919
5430.84  -369.107  -735.02  -0.000828467
5436.96  -364.255  -731.278  -0.00378677
5437.24  -364.035  -731.107  0.00288184
5443.36  -359.226  -727.329  -0.000280804
5443.64  -359.003  -727.156  0.000177943
5449.76  -354.219  -723.334  0.000675897
5450.36  -353.755  -722.963  0.00366594
5452.04  -352.441  -721.907  0.00194329
5454.18  -350.777  -720.562  -0.0034495
5460.3  -346.025  -716.707  0.00355671
5460.58  -345.807  -716.53  0.000356278
5466.7  -341.09  -712.635  -0.000903597
5466.98  -340.871  -712.46  0.00101433
5473.1  -336.183  -708.522  -0.00250948
5473.38  -335.968  -708.343  0.000142786
5479.5  -331.315  -704.37  0.00091539
5480.1  -330.858  -703.971  0.0024884
5481.78  -329.588  -702.879  -0.0033917
5483.92  -327.966  -701.481  0.00127312
5490.04  -323.336  -697.477  -0.0034813
5490.32  -323.13  -697.288  0.000220952
5496.44  -318.532  -693.245  -0.00413096
5496.72  -318.325  -693.054  0.000110613
5502.84  -313.765  -688.974  0.00036711
5503.12  -313.561  -688.789  -0.00316606
5509.25  -309.033  -684.66  0.00343306
5509.85  -308.594  -684.261  0.0012262
5511.52  -307.351  -683.127  -0.00463974
5526.05  -296.656  -673.301  -0.00202446
5532.17  -292.167  -669.146  0.00223067
5532.45  -291.959  -668.953  -0.00306147
5538.57  -287.504  -664.759  0.000669464
5539.59  -286.762  -664.057  0.00152792
5541.27  -285.549  -662.899  0.00277137
5543.41  -283.996  -661.423  0.000745017
5549.53  -279.565  -657.197  0.00324861
5549.81  -279.365  -657.001  -0.000242034
5555.93  -274.975  -652.74  0.00180365
5556.21  -274.778  -652.538  -0.000480503
5562.33  -270.421  -648.238  0.00033658
5562.61  -270.228  -648.036  0.000159553
5568.73  -265.906  -643.703  -0.00146362
5569.33  -265.489  -643.278  -0.00491061
5571.01  -264.305  -642.083  0.000637788
5573.15  -262.805  -640.559  0.00471564
5579.27  -258.52  -636.187  -0.00302598
5579.55  -258.322  -635.99  -0.00103368
5585.67  -254.073  -631.583  -0.00219367
5585.95  -253.883  -631.379  -0.00192869
5592.07  -249.663  -626.938  0.00454866
5592.35  -249.478  -626.737  -0.00157312
5598.48  -245.302  -622.257  -0.0039778
5599.08  -244.891  -621.819  -0.00420881
5600.75  -243.747  -620.587  0.00104462
5602.89  -242.301  -619.017  -0.00411897
5609.02  -238.157  -614.508  0.00208676
5609.3  -237.971  -614.299  -0.00192079
5615.42  -233.861  -609.761  4.2383e-05
5615.7  -233.675  -609.547  0.00130008
5621.82  -229.612  -604.969  -0.00407455
5622.1  -229.427  -604.768  -0.00136255
5628.22  -225.394  -600.153  -0.00266169
5628.82  -225.006  -599.697  0.00339872
5630.5  -223.908  -598.435  0.00460685
5632.64  -222.507  -596.816  0.00477573
5638.76  -218.514  -592.178  -0.00355192
5639.04  -218.326  -591.958  0.00498816
5645.16  -214.373  -587.293  -0.00199616
5645.44  -214.197  -587.078  0.00346363
5651.56  -210.279  -582.374  0.00214354
5651.84  -210.107  -582.155  0.00137298
5657.96  -206.229  -577.419  0.00465903
5658.56  -205.842  -576.951  -0.000779635
5660.24  -204.793  -575.646  -0.00438469
5662.38  -203.438  -573.987  0.00450202
5668.5  -199.599  -569.219  -0.00200348
5668.78  -199.424  -568.995  -0.00298662
5674.9  -195.628  -564.203  0.00325241
5675.18  -195.458  -563.976  -0.00432645
5681.3  -191.693  -559.151  -0.00194289
5681.58  -191.52  -558.93  -0.00440144
5687.71  -187.798  -554.067  -0.00101588
5688.31  -187.439  -553.594  0.0035243
5689.98  -186.418  -552.256  -0.00416542
5692.12  -185.133  -550.553  0.000869419
5698.25  -181.446  -545.662  0.003781
5698.53  -181.284  -545.438  0.00360789
5704.65  -177.642  -540.518  0.00305732
5704.93  -177.473  -540.292  0.00214217
5711.05  -173.868  -535.343  -0.00375246
5711.33  -173.709  -535.112  -0.000384287
5717.45  -170.148  -530.14  0.00298881
5718.05  -169.802  -529.651  -0.00278881
5719.73  -168.821  -528.273  0.00358841
5721.87  -167.592  -526.534  0.00195685
5727.99  -164.065  -521.521  -0.000798941
5728.27  -163.903  -521.292  0.000255415
5734.39  -160.424  -516.257  0.000767989
5734.67  -160.267  -516.031  -0.00354404
5740.79  -156.832  -510.969  0.00209099
5741.07  -156.674  -510.733  0.00402109
5747.19  -153.27  -505.645  -0.00207439
5747.79  -152.946  -505.139  -0.00196949
5749.47  -152.018  -503.743  0.00353739
5751.61  -150.837  -501.961  -0.00162213
5757.73  -147.479  -496.833  -0.00258138
5758.01  -147.324  -496.607  0.00177265
5764.13  -144.008  -491.453  0.00100616
5764.41  -143.865  -491.219  -0.00145861
5770.53  -140.593  -486.046  0.00494716
5770.81  -140.441  -485.815  -0.00349595
5776.94  -137.204  -480.617  0.00466904
5777.54  -136.897  -480.104  0.00064168
5779.21  -136.011  -478.677  -0.00338355
5781.35  -134.891  -476.855  0.00493372
5787.48  -131.703  -471.624  -0.00313668
5787.76  -131.553  -471.385  0.000528296
5793.88  -128.411  -466.136  0.00040814
5794.16  -128.266  -465.893  -0.00441568
5800.28  -125.166  -460.614  -0.00176009
5800.56  -125.023  -460.374  0.0048429
5806.68  -121.961  -455.079  -0.00390278
5807.28  -121.667  -454.55  -0.00306146
5808.96  -120.828  -453.095  0.00106971
5811.1  -119.767  -451.242  -0.004469
5817.22  -116.749  -445.915  -0.000754269
5817.5  -116.61  -445.674  -0.00471373
5823.62  -113.644  -440.317  -0.00215679
5823.9  -113.504  -440.074  -0.000352757
5830.02  -110.576  -434.696  -0.000547272
5830.3  -110.439  -434.458  -0.00225953
5836.42  -107.55  -429.057  0.00403879
5837.02  -107.274  -428.524  0.00304286
5838.7  -106.489  -427.046  -0.000190643
5840.84  -105.49  -425.151  -0.00173546
5846.96  -102.64  -419.733  0.00287832
5847.24  -102.519  -419.486  -0.00271135
5853.36  -99.7126  -414.034  -0.00239058
5853.64  -99.591  -413.794  0.00146791
5859.76  -96.8323  -408.322  -0.00174526
5860.04  -96.7128  -408.071  0.0049285
5866.17  -93.9965  -402.583  -0.00274489
5866.77  -93.7396  -402.049  -0.000250878
5868.44  -93.0011  -400.531  -0.000379376
5870.58  -92.058  -398.613  -0.00470591
5876.71  -89.395  -393.101  -0.00372699
5876.99  -89.2719  -392.846  -0.000816313
5883.11  -86.6532  -387.321  0.000376104
5883.39  -86.5378  -387.068  -0.00397533
5889.51  -83.9534  -381.513  -0.0019402
5889.79  -83.8385  -381.259  -0.00232547
5895.91  -81.3147  -375.681  0.00369253
5896.51  -81.0608  -375.136  -0.00101865
5898.19  -80.3762  -373.6  -0.00110327
5900.33  -79.4974  -371.657  0.00133204
5906.45  -77.0171  -366.054  -0.00265074
5906.73  -76.9005  -365.807  0.00124442
5912.85  -74.4585  -360.191  -0.00226327
5913.13  -74.3476  -359.931  -0.0029288
5919.25  -71.9577  -354.302  0.00123519
5919.53  -71.8526  -354.045  -0.00437352
5925.65  -69.502  -348.383  0.000951904
5926.25  -69.2762  -347.836  -0.0020303
5927.93  -68.6369  -346.278  -0.00204305
5930.07  -67.8266  -344.298  0.00188323
5936.19  -65.5159  -338.627  -0.00134994
5936.47  -65.4129  -338.366  0.00420303
5942.59  -63.1603  -332.675  0.00237923
5942.87  -63.0585  -332.42  0.00128593
5948.99  -60.8512  -326.705  -0.00281263
5949.27  -60.7528  -326.451  0.00426269
5955.4  -58.5879  -320.722  -0.000129972
5956  -58.3736  -320.161  -0.00186753
5957.67  -57.7899  -318.588  0.00432613
5959.81  -57.0401  -316.576  -0.00421073
5965.94  -54.9258  -310.837  0.00409915
5966.22  -54.8244  -310.574  0.00228336
5972.34  -52.7549  -304.812  -0.000839656
5972.62  -52.6621  -304.553  0.00155228
5978.74  -50.6415  -298.772  0.00310059
5979.02  -50.5526  -298.506  -0.00495049
5985.14  -48.5704  -292.716  0.000850023
5985.74  -48.3771  -292.145  -0.00306074
5987.42  -47.84  -290.561  0.000209854
5989.56  -47.1578  -288.527  -0.0046656
5995.68  -45.2297  -282.719  -0.00439584
5995.96  -45.1505  -282.448  0.000553593
6002.08  -43.264  -276.627  0.00377209
6002.36  -43.1818  -276.363  -0.00458424
6008.48  -41.3472  -270.526  0.00481229
6008.76  -41.2577  -270.251  -0.0018424
6014.88  -39.4695  -264.402  0.0041252
6015.48  -39.3046  -263.823  0.00318269
6017.16  -38.8211  -262.216  0.00316935
6019.3  -38.2039  -260.172  0.00294762
6025.42  -36.4628  -254.296  -0.00267265
6025.7  -36.3832  -254.03  -0.00496727
6031.82  -34.6878  -248.15  0.000835363
6032.1  -34.6189  -247.875  -0.00305688
6038.22  -32.9733  -241.982  -0.00495291
6038.5  -32.8997  -241.712  -0.00354139
6044.63  -31.3002  -235.801  -0.000267507
6045.23  -31.1423  -235.227  0.000761922
6046.9  -30.7114  -233.598  -0.00231225
6049.04  -30.1658  -231.536  0.00406293
6055.17  -28.6207  -225.609  -3.89783e-05
6055.45  -28.5509  -225.342  0.00310836
6061.57  -27.044  -219.406  0.000490161
6061.85  -26.9827  -219.129  -0.00275252
6067.97  -25.5307  -213.187  -0.00318691
6068.25  -25.4609  -212.919  -0.00049208
6074.37  -24.0544  -206.958  -0.00154297
6074.97  -23.9194  -206.37  0.00201689
6076.65  -23.5426  -204.733  0.00311991
6078.79  -23.0589  -202.652  -0.00101227
6084.91  -21.7098  -196.684  -0.00252912
6085.19  -21.6443  -196.408  -0.00443312
6091.31  -20.3409  -190.423  0.00167187
6091.59  -20.2789  -190.152  0.00105207
6097.71  -19.0258  -184.165  0.00403087
6097.99  -18.9671  -183.887  0.00391864
6104.11  -17.7603  -177.892  0.00153083
6104.71  -17.6376  -177.296  -0.00381948
6106.39  -17.3187  -175.657  0.00130107
6108.53  -16.9013  -173.553  -0.00339696
6114.65  -15.741  -167.54  0.00338469
6114.93  -15.6856  -167.265  -0.00435417
6121.05  -14.577  -161.246  0.0024281
6121.33  -14.5297  -160.978  0.00105163
6127.45  -13.4644  -154.949  -0.0018078
6127.73  -13.418  -154.669  -0.000608602
6133.86  -12.4043  -148.632  0.00472492
6134.46  -12.3017  -148.042  0.00414436
6136.13  -12.0324  -146.38  0.00059432
6138.27  -11.6875  -144.276  -0.00057622
6144.4  -10.7241  -138.226  -0.0021975
6144.68  -10.6798  -137.949  0.00149346
6150.8  -9.76042  -131.901  0.00162979
6151.08  -9.7292  -131.626  -0.00471577
6157.2  -8.85565  -125.562  0.00112471
6157.48  -8.82268  -125.285  0.00417528
6163.6  -7.99722  -119.224  0.0017382
6164.2  -7.92705  -118.627  0.00400182
6165.88  -7.71115  -116.961  -0.0010763
6168.02  -7.42462  -114.836  0.00339209
6174.14  -6.65669  -108.763  0.00475467
6174.42  -6.62407  -108.486  5.6259e-05
6180.54  -5.9064  -102.405  0.0036944
6180.82  -5.87217  -102.127  0.00205672
6186.94  -5.20319  -96.0487  0.00133331
6187.22  -5.18128  -95.7703  -0.00143316
6193.34  -4.55464  -89.6808  0.000433701
6193.94  -4.49749  -89.0838  -0.00238249
6195.62  -4.33698  -87.4122  -0.00193829
6197.76  -4.12687  -85.2798  0.00366804
6203.88  -3.55707  -79.1881  -0.00215855
6204.16  -3.53352  -78.9111  -0.00288027
6210.28  -3.00709  -72.8023  -0.00162979
6210.56  -2.98637  -72.5251  0.00204677
6216.68  -2.5217  -66.4252  -0.00360969
6216.96  -2.49531  -66.1479  -0.00395741
6223.09  -2.07258  -60.0358  -0.00253598
6223.69  -2.03446  -59.4393  0.00133079
6225.36  -1.92263  -57.7663  -0.00337379
6227.5  -1.78937  -55.6257  -0.000163186
6233.63  -1.41171  -49.518  -0.00497363
6233.91  -1.4043  -49.24  0.00358458
6240.03  -1.0767  -43.1296  0.000501563
6240.31  -1.06696  -42.8527  -0.00273728
6246.43  -0.794125  -36.7323  0.00281021
6246.71  -0.779405  -36.4495  0.00395597
6252.83  -0.551573  -30.3335  -0.0012156
6253.43  -0.535241  -29.7346  -0.000989171
6255.11  -0.482245  -28.06  -0.00424551
6257.25  -0.409251  -25.9194  0.00361195
6263.37  -0.232882  -19.7969  0.0045351
6263.65  -0.225853  -19.5252  0.00305868
6269.77  -0.107824  -13.3965  0.00357103
6270.05  -0.0976279  -13.1227  -0.00118667
6276.17  -0.0315179  -6.99935  -0.00419775
6276.45  -0.0277099  -6.72272  -0.000365841
6282.57  0.00471579  -0.60244  -0.00166487
6283.17  0.00399786  0.00341258  -0.00467163
